# This file was generated by Animated Java via MC-Build. It is not recommended to edit this file directly.
# It's actually faster to use an on passeners call that checks tag immediately
# than to spread it into a function that runs a bunch of tag checks on each bone.
execute on passengers if entity @s[tag=aj.armor_stand.bone.baseplate_pivot_a] run data merge entity @s {transformation: [-1f,0f,1.2246467991473532e-16f,4.592425496802574e-17f,0f,1f,0f,0.0625f,-1.2246467991473532e-16f,0f,-1f,-0.375f,0f,0f,0f,1f], start_interpolation: 0}
# It's actually faster to use an on passeners call that checks tag immediately
# than to spread it into a function that runs a bunch of tag checks on each bone.
execute on passengers if entity @s[tag=aj.armor_stand.bone.head] run data merge entity @s {transformation: [-1f,-3.0224499529953625e-18f,1.2242737693383867e-16f,1.889031220622101e-19f,0f,0.9996953980451946f,0.02468017680771068f,1.3308248637980162f,-1.2246467991473532e-16f,0.02468017680771068f,-0.9996953980451946f,-0.0015425110504819171f,0f,0f,0f,1f], start_interpolation: 0}
# It's actually faster to use an on passeners call that checks tag immediately
# than to spread it into a function that runs a bunch of tag checks on each bone.
execute on passengers if entity @s[tag=aj.armor_stand.bone.left_arm] run data merge entity @s {transformation: [-0.2590514051766123f,-0.965863535638458f,1.2242737693383867e-16f,0.375f,-0.9655693317174272f,0.2589724976122004f,0.024680176807710674f,1.3308248637980162f,-0.023837682831677733f,0.00639343448204457f,-0.9996953980451946f,-0.0015425110504818712f,0f,0f,0f,1f], start_interpolation: 0}
# It's actually faster to use an on passeners call that checks tag immediately
# than to spread it into a function that runs a bunch of tag checks on each bone.
execute on passengers if entity @s[tag=aj.armor_stand.bone.right_arm] run data merge entity @s {transformation: [-0.2590514051766123f,0.965863535638458f,1.2242737693383867e-16f,-0.375f,0.9655693317174272f,0.2589724976122004f,0.024680176807710674f,1.3308248637980162f,0.02383768283167767f,0.006393434482044806f,-0.9996953980451946f,-0.0015425110504819631f,0f,0f,0f,1f], start_interpolation: 0}
# It's actually faster to use an on passeners call that checks tag immediately
# than to spread it into a function that runs a bunch of tag checks on each bone.
execute on passengers if entity @s[tag=aj.armor_stand.bone.body] run data merge entity @s {transformation: [-1f,-3.0224499529953617e-18f,1.2242737693383867e-16f,0f,0f,0.9996953980451946f,0.024680176807710674f,1.3933058261758409f,-1.2246467991473532e-16f,0.024680176807710674f,-0.9996953980451946f,0f,0f,0f,0f,1f], start_interpolation: 0}
# It's actually faster to use an on passeners call that checks tag immediately
# than to spread it into a function that runs a bunch of tag checks on each bone.
execute on passengers if entity @s[tag=aj.armor_stand.bone.right_leg2] run data merge entity @s {transformation: [-0.9028710515108376f,0.21213159482633107f,0.37393054277519483f,-0.15624310833169963f,0.1959879442028846f,0.9772411096942439f,-0.08116981736267298f,0.6875f,-0.3826389813791082f,1.21008400523945e-17f,-0.9238979434597517f,-1.913426225072491e-17f,0f,0f,0f,1f], start_interpolation: 0}
# It's actually faster to use an on passeners call that checks tag immediately
# than to spread it into a function that runs a bunch of tag checks on each bone.
execute on passengers if entity @s[tag=aj.armor_stand.bone.left_leg] run data merge entity @s {transformation: [-0.9028710515108376f,-0.21213159482633107f,-0.3739305427751946f,0.15624310833169963f,-0.1959879442028846f,0.9772411096942439f,-0.08116981736267298f,0.6875f,0.38263898137910796f,-3.9856415668023414e-17f,-0.9238979434597517f,1.913426225072491e-17f,0f,0f,0f,1f], start_interpolation: 0}