# This file was generated by Animated Java via MC-Build. It is not recommended to edit this file directly.
# It's actually faster to use an on passeners call that checks tag immediately
# than to spread it into a function that runs a bunch of tag checks on each bone.
execute on passengers if entity @s[tag=aj.armor_stand.bone.head] run data merge entity @s {transformation: [-1f,-6.687264452679231e-19f,1.224628540887398e-16f,4.1795402829245194e-20f,0f,0.999985090999325f,0.005460565819740978f,1.4038509020443963f,-1.2246467991473532e-16f,0.005460565819740978f,-0.999985090999325f,-0.0003412853637338111f,0f,0f,0f,1f], start_interpolation: 0}
# It's actually faster to use an on passeners call that checks tag immediately
# than to spread it into a function that runs a bunch of tag checks on each bone.
execute on passengers if entity @s[tag=aj.armor_stand.bone.left_arm] run data merge entity @s {transformation: [-0.9746449032773439f,-0.22375726248659963f,1.224628540887398e-16f,0.375f,-0.2237539264894222f,0.974630372295823f,0.005460565819740978f,1.4038509020443963f,-0.0012218412594532553f,0.005322112645220987f,-0.999985090999325f,-0.0003412853637337652f,0f,0f,0f,1f], start_interpolation: 0}
# It's actually faster to use an on passeners call that checks tag immediately
# than to spread it into a function that runs a bunch of tag checks on each bone.
execute on passengers if entity @s[tag=aj.armor_stand.bone.right_arm] run data merge entity @s {transformation: [-0.9746449032773439f,0.22375726248659963f,1.224628540887398e-16f,-0.375f,0.2237539264894222f,0.974630372295823f,0.005460565819740978f,1.4038509020443963f,0.0012218412594530168f,0.005322112645221043f,-0.999985090999325f,-0.00034128536373385704f,0f,0f,0f,1f], start_interpolation: 0}
# It's actually faster to use an on passeners call that checks tag immediately
# than to spread it into a function that runs a bunch of tag checks on each bone.
execute on passengers if entity @s[tag=aj.armor_stand.bone.body] run data merge entity @s {transformation: [-1f,-6.687264452679231e-19f,1.224628540887398e-16f,0f,0f,0.999985090999325f,0.005460565819740978f,1.466349970231854f,-1.2246467991473532e-16f,0.005460565819740978f,-0.999985090999325f,0f,0f,0f,0f,1f], start_interpolation: 0}
# It's actually faster to use an on passeners call that checks tag immediately
# than to spread it into a function that runs a bunch of tag checks on each bone.
execute on passengers if entity @s[tag=aj.armor_stand.bone.right_leg2] run data merge entity @s {transformation: [-0.9845450517808974f,0.0014703181065925724f,0.17512532420645424f,-0.12521490574592528f,0.0014475959811224917f,0.9999989190817485f,-0.0002574902134295153f,0.7261271242968684f,-0.1751255135028181f,1.8006203629669906e-19f,-0.9845461159947635f,-1.5334403352728493e-17f,0f,0f,0f,1f], start_interpolation: 0}
# It's actually faster to use an on passeners call that checks tag immediately
# than to spread it into a function that runs a bunch of tag checks on each bone.
execute on passengers if entity @s[tag=aj.armor_stand.bone.left_leg] run data merge entity @s {transformation: [-0.9845450517808974f,-0.0014703181065925724f,-0.17512532420645402f,0.12521490574592528f,-0.0014475959811224917f,0.9999989190817485f,-0.0002574902134295153f,0.7261271242968684f,0.17512551350281788f,-1.8006203629669906e-19f,-0.9845461159947635f,1.5334403352728493e-17f,0f,0f,0f,1f], start_interpolation: 0}