# This file was generated by Animated Java via MC-Build. It is not recommended to edit this file directly.
# It's actually faster to use an on passeners call that checks tag immediately
# than to spread it into a function that runs a bunch of tag checks on each bone.
execute on passengers if entity @s[tag=aj.armor_stand.bone.head] run data merge entity @s {transformation: [-1f,-3.022449952995361e-18f,1.2242737693383867e-16f,1.8890312206221006e-19f,0f,0.9996953980451946f,0.024680176807710667f,1.3308248637980162f,-1.2246467991473532e-16f,0.024680176807710667f,-0.9996953980451946f,-0.0015425110504819167f,0f,0f,0f,1f], start_interpolation: 0}
# It's actually faster to use an on passeners call that checks tag immediately
# than to spread it into a function that runs a bunch of tag checks on each bone.
execute on passengers if entity @s[tag=aj.armor_stand.bone.left_arm] run data merge entity @s {transformation: [-0.9762439111603f,-0.21667446993690878f,1.2242737693383867e-16f,0.375f,-0.21660847046980958f,0.9759465453565936f,0.024680176807710667f,1.3308248637980162f,-0.005347564227760018f,0.024093872334887162f,-0.9996953980451946f,-0.0015425110504818707f,0f,0f,0f,1f], start_interpolation: 0}
# It's actually faster to use an on passeners call that checks tag immediately
# than to spread it into a function that runs a bunch of tag checks on each bone.
execute on passengers if entity @s[tag=aj.armor_stand.bone.right_arm] run data merge entity @s {transformation: [-0.9762439111603f,0.21667446993690878f,1.2242737693383867e-16f,-0.375f,0.21660847046980958f,0.9759465453565936f,0.024680176807710667f,1.3308248637980162f,0.005347564227759779f,0.024093872334887217f,-0.9996953980451946f,-0.0015425110504819627f,0f,0f,0f,1f], start_interpolation: 0}
# It's actually faster to use an on passeners call that checks tag immediately
# than to spread it into a function that runs a bunch of tag checks on each bone.
execute on passengers if entity @s[tag=aj.armor_stand.bone.body] run data merge entity @s {transformation: [-1f,-3.022449952995361e-18f,1.2242737693383867e-16f,0f,0f,0.9996953980451946f,0.024680176807710667f,1.3933058261758409f,-1.2246467991473532e-16f,0.024680176807710667f,-0.9996953980451946f,0f,0f,0f,0f,1f], start_interpolation: 0}
# It's actually faster to use an on passeners call that checks tag immediately
# than to spread it into a function that runs a bunch of tag checks on each bone.
execute on passengers if entity @s[tag=aj.armor_stand.bone.right_leg2] run data merge entity @s {transformation: [-0.9847993960565985f,0.00004715066267884788f,0.17369555925058625f,-0.12500689166830037f,0.00004643394418141341f,0.9999999988884075f,-0.00000818986073214201f,0.6875f,-0.1736955594436649f,5.774290812732762e-21f,-0.984799397151294f,-1.53089289752944e-17f,0f,0f,0f,1f], start_interpolation: 0}
# It's actually faster to use an on passeners call that checks tag immediately
# than to spread it into a function that runs a bunch of tag checks on each bone.
execute on passengers if entity @s[tag=aj.armor_stand.bone.left_leg] run data merge entity @s {transformation: [-0.9847993960565985f,-0.00004715066267884788f,-0.17369555925058602f,0.12500689166830037f,-0.00004643394418141341f,0.9999999988884075f,-0.00000818986073214201f,0.6875f,0.1736955594436647f,-5.774290812732762e-21f,-0.984799397151294f,1.53089289752944e-17f,0f,0f,0f,1f], start_interpolation: 0}