# This file was generated by Animated Java via MC-Build. It is not recommended to edit this file directly.
# It's actually faster to use an on passeners call that checks tag immediately
# than to spread it into a function that runs a bunch of tag checks on each bone.
execute on passengers if entity @s[tag=aj.armor_stand.bone.head] run data merge entity @s {transformation: [-1f,-1.0491015375668602e-17f,1.220144926761e-16f,2.638348241548581e-19f,0f,0.9963239422260463f,0.08566564157904838f,1.351933744693026f,-1.2246467991473532e-16f,0.08566564157904838f,-0.9963239422260463f,-0.002154374831490599f,0f,0f,0f,1f], start_interpolation: 0}
# It's actually faster to use an on passeners call that checks tag immediately
# than to spread it into a function that runs a bunch of tag checks on each bone.
execute on passengers if entity @s[tag=aj.armor_stand.bone.left_arm] run data merge entity @s {transformation: [-0.9762960036617845f,-0.21643962953680376f,1.2239190320492098e-16f,0.375f,-0.21631100662183686f,0.9757158232293459f,0.03446999730384959f,1.351933744693026f,-0.0074606734465799485f,0.033652920613980807f,-0.9994057330663421f,-0.002154374831490553f,0f,0f,0f,1f], start_interpolation: 0}
# It's actually faster to use an on passeners call that checks tag immediately
# than to spread it into a function that runs a bunch of tag checks on each bone.
execute on passengers if entity @s[tag=aj.armor_stand.bone.right_arm] run data merge entity @s {transformation: [-0.9762960036617845f,0.21643962953680376f,1.2239190320492098e-16f,-0.375f,0.21631100662183686f,0.9757158232293459f,0.03446999730384959f,1.351933744693026f,0.007460673446579709f,0.03365292061398086f,-0.9994057330663421f,-0.002154374831490645f,0f,0f,0f,1f], start_interpolation: 0}
# It's actually faster to use an on passeners call that checks tag immediately
# than to spread it into a function that runs a bunch of tag checks on each bone.
execute on passengers if entity @s[tag=aj.armor_stand.bone.body] run data merge entity @s {transformation: [-1f,-4.221357186477729e-18f,1.2239190320492098e-16f,0f,0f,0.9994057330663421f,0.03446999730384959f,1.4143966030096724f,-1.2246467991473532e-16f,0.03446999730384959f,-0.9994057330663421f,0f,0f,0f,0f,1f], start_interpolation: 0}
# It's actually faster to use an on passeners call that checks tag immediately
# than to spread it into a function that runs a bunch of tag checks on each bone.
execute on passengers if entity @s[tag=aj.armor_stand.bone.right_leg2] run data merge entity @s {transformation: [-0.9848077524573178f,3.131576250194039e-9f,0.17364818081386982f,-0.12500000045771964f,3.0840005686023063e-9f,1f,-5.437925189261145e-10f,0.7261271242968684f,-0.17364818081386982f,3.8350748310860004e-25f,-0.9848077524573178f,-1.5308085045396405e-17f,0f,0f,0f,1f], start_interpolation: 0}
# It's actually faster to use an on passeners call that checks tag immediately
# than to spread it into a function that runs a bunch of tag checks on each bone.
execute on passengers if entity @s[tag=aj.armor_stand.bone.left_leg] run data merge entity @s {transformation: [-0.9848077524573178f,-3.131576250194039e-9f,-0.1736481808138696f,0.12500000045771964f,-3.0840005686023063e-9f,1f,-5.437925189261145e-10f,0.7261271242968684f,0.1736481808138696f,-3.8350748310860004e-25f,-0.9848077524573178f,1.5308085045396405e-17f,0f,0f,0f,1f], start_interpolation: 0}