# This file was generated by Animated Java via MC-Build. It is not recommended to edit this file directly.
# It's actually faster to use an on passeners call that checks tag immediately
# than to spread it into a function that runs a bunch of tag checks on each bone.
execute on passengers if entity @s[tag=aj.armor_stand.bone.head] run data merge entity @s {transformation: [-1f,-1.394259609242089e-17f,1.2166840937902568e-16f,2.380176133679427e-19f,0f,0.9934979576457145f,0.113849936995126f,1.3928154755284745f,-1.2246467991473532e-16f,0.113849936995126f,-0.9934979576457145f,-0.001943561307094093f,0f,0f,0f,1f], start_interpolation: 0}
# It's actually faster to use an on passeners call that checks tag immediately
# than to spread it into a function that runs a bunch of tag checks on each bone.
execute on passengers if entity @s[tag=aj.armor_stand.bone.left_arm] run data merge entity @s {transformation: [-0.9762935169911016f,-0.21645084587763946f,1.2240545255928998e-16f,0.375f,-0.21634616417517502f,0.9758213540524481f,0.031096980913505486f,1.3928154755284745f,-0.006730967822969192f,0.030359780863851403f,-0.9995163719409828f,-0.001943561307094047f,0f,0f,0f,1f], start_interpolation: 0}
# It's actually faster to use an on passeners call that checks tag immediately
# than to spread it into a function that runs a bunch of tag checks on each bone.
execute on passengers if entity @s[tag=aj.armor_stand.bone.right_arm] run data merge entity @s {transformation: [-0.9762935169911016f,0.21645084587763946f,1.2240545255928998e-16f,-0.375f,0.21634616417517502f,0.9758213540524481f,0.031096980913505486f,1.3928154755284745f,0.0067309678229689526f,0.03035978086385146f,-0.9995163719409828f,-0.0019435613070941389f,0f,0f,0f,1f], start_interpolation: 0}
# It's actually faster to use an on passeners call that checks tag immediately
# than to spread it into a function that runs a bunch of tag checks on each bone.
execute on passengers if entity @s[tag=aj.armor_stand.bone.body] run data merge entity @s {transformation: [-1f,-3.808281813887083e-18f,1.2240545255928998e-16f,0f,0f,0.9995163719409828f,0.031096980913505486f,1.455285248774786f,-1.2246467991473532e-16f,0.031096980913505486f,-0.9995163719409828f,0f,0f,0f,0f,1f], start_interpolation: 0}
# It's actually faster to use an on passeners call that checks tag immediately
# than to spread it into a function that runs a bunch of tag checks on each bone.
execute on passengers if entity @s[tag=aj.armor_stand.bone.right_leg2] run data merge entity @s {transformation: [-0.9848073534544401f,0.0000022549134080338865f,0.17365044364175033f,-0.1250003295842384f,0.00000222065530564043f,0.9999999999974577f,-3.915667136798108e-7f,0.7609731565365592f,-0.17365044364219182f,3.026170283520118e-22f,-0.9848073534569439f,-1.5308125351770175e-17f,0f,0f,0f,1f], start_interpolation: 0}
# It's actually faster to use an on passeners call that checks tag immediately
# than to spread it into a function that runs a bunch of tag checks on each bone.
execute on passengers if entity @s[tag=aj.armor_stand.bone.left_leg] run data merge entity @s {transformation: [-0.9848073534544401f,-0.0000022549134080338865f,-0.1736504436417501f,0.1250003295842384f,-0.00000222065530564043f,0.9999999999974577f,-3.915667136798108e-7f,0.7609731565365592f,0.1736504436421916f,-2.49677469148618e-22f,-0.9848073534569439f,1.5308125351770175e-17f,0f,0f,0f,1f], start_interpolation: 0}