# This file was generated by Animated Java via MC-Build. It is not recommended to edit this file directly.
# It's actually faster to use an on passeners call that checks tag immediately
# than to spread it into a function that runs a bunch of tag checks on each bone.
execute on passengers if entity @s[tag=aj.armor_stand.bone.head] run data merge entity @s {transformation: [-1f,-1.2085026249102603e-17f,1.2186693549596245e-16f,1.2129050917644723e-19f,0f,0.9951190464124919f,0.09868172813187173f,1.4477605658859585f,-1.2246467991473532e-16f,0.09868172813187173f,-0.9951190464124919f,-0.0009904121683157496f,0f,0f,0f,1f], start_interpolation: 0}
# It's actually faster to use an on passeners call that checks tag immediately
# than to spread it into a function that runs a bunch of tag checks on each bone.
execute on passengers if entity @s[tag=aj.armor_stand.bone.left_arm] run data merge entity @s {transformation: [-0.9759167729783692f,-0.21814319200810767f,1.2244930261699658e-16f,0.375f,-0.2181158008222121f,0.9757942318277554f,0.015846594693051993f,1.4477605658859585f,-0.0034568267488012203f,0.015464957555539427f,-0.9998744348350117f,-0.0009904121683157036f,0f,0f,0f,1f], start_interpolation: 0}
# It's actually faster to use an on passeners call that checks tag immediately
# than to spread it into a function that runs a bunch of tag checks on each bone.
execute on passengers if entity @s[tag=aj.armor_stand.bone.right_arm] run data merge entity @s {transformation: [-0.9759167729783692f,0.21814319200810767f,1.2244930261699658e-16f,-0.375f,0.2181158008222121f,0.9757942318277554f,0.015846594693051993f,1.4477605658859585f,0.003456826748800981f,0.015464957555539479f,-0.9998744348350117f,-0.0009904121683157955f,0f,0f,0f,1f], start_interpolation: 0}
# It's actually faster to use an on passeners call that checks tag immediately
# than to spread it into a function that runs a bunch of tag checks on each bone.
execute on passengers if entity @s[tag=aj.armor_stand.bone.body] run data merge entity @s {transformation: [-1f,-1.9406481468231556e-18f,1.2244930261699658e-16f,0f,0f,0.9998744348350117f,0.015846594693051993f,1.5102527180631466f,-1.2246467991473532e-16f,0.015846594693051993f,-0.9998744348350117f,0f,0f,0f,0f,1f], start_interpolation: 0}
# It's actually faster to use an on passeners call that checks tag immediately
# than to spread it into a function that runs a bunch of tag checks on each bone.
execute on passengers if entity @s[tag=aj.armor_stand.bone.right_leg2] run data merge entity @s {transformation: [-0.9847470225126524f,0.0003420746077043911f,0.1739919096895839f,-0.12504999855020993f,0.0003368569711227489f,0.9999999414924796f,-0.00005951821773306556f,0.7886271242968684f,-0.1739919198694197f,4.1892057339476907e-20f,-0.9847470801277622f,-1.5314208045789573e-17f,0f,0f,0f,1f], start_interpolation: 0}
# It's actually faster to use an on passeners call that checks tag immediately
# than to spread it into a function that runs a bunch of tag checks on each bone.
execute on passengers if entity @s[tag=aj.armor_stand.bone.left_leg] run data merge entity @s {transformation: [-0.9847470225126524f,-0.0003420746077043911f,-0.17399190968958367f,0.12504999855020993f,-0.0003368569711227489f,0.9999999414924796f,-0.00005951821773306556f,0.7886271242968684f,0.17399191986941948f,-4.1892057339476907e-20f,-0.9847470801277622f,1.5314208045789573e-17f,0f,0f,0f,1f], start_interpolation: 0}