# This file was generated by Animated Java via MC-Build. It is not recommended to edit this file directly.
# It's actually faster to use an on passeners call that checks tag immediately
# than to spread it into a function that runs a bunch of tag checks on each bone.
execute on passengers if entity @s[tag=aj.armor_stand.bone.head] run data merge entity @s {transformation: [-1f,-6.278941678554606e-18f,1.2230360876938949e-16f,0f,0f,0.9986847542862319f,0.05127144971861479f,1.4938820645368942f,-1.2246467991473532e-16f,0.05127144971861479f,-0.9986847542862319f,0f,0f,0f,0f,1f], start_interpolation: 0}
# It's actually faster to use an on passeners call that checks tag immediately
# than to spread it into a function that runs a bunch of tag checks on each bone.
execute on passengers if entity @s[tag=aj.armor_stand.bone.left_arm] run data merge entity @s {transformation: [-0.9709416556757522f,-0.2393163205333664f,1.2246467991473532e-16f,0.375f,-0.2393163205333664f,0.9709416556757522f,0f,1.4938820645368942f,-1.1890605907821415e-16f,-2.930779659249092e-17f,-1f,4.592425496802574e-17f,0f,0f,0f,1f], start_interpolation: 0}
# It's actually faster to use an on passeners call that checks tag immediately
# than to spread it into a function that runs a bunch of tag checks on each bone.
execute on passengers if entity @s[tag=aj.armor_stand.bone.right_arm] run data merge entity @s {transformation: [-0.9709416556757522f,0.2393163205333664f,1.2246467991473532e-16f,-0.375f,0.2393163205333664f,0.9709416556757522f,0f,1.4938820645368942f,-1.1890605907821415e-16f,2.930779659249092e-17f,-1f,-4.592425496802574e-17f,0f,0f,0f,1f], start_interpolation: 0}
# It's actually faster to use an on passeners call that checks tag immediately
# than to spread it into a function that runs a bunch of tag checks on each bone.
execute on passengers if entity @s[tag=aj.armor_stand.bone.body] run data merge entity @s {transformation: [-1f,0f,1.2246467991473532e-16f,0f,0f,1f,0f,1.5563820645368942f,-1.2246467991473532e-16f,0f,-1f,0f,0f,0f,0f,1f], start_interpolation: 0}
# It's actually faster to use an on passeners call that checks tag immediately
# than to spread it into a function that runs a bunch of tag checks on each bone.
execute on passengers if entity @s[tag=aj.armor_stand.bone.right_leg2] run data merge entity @s {transformation: [-0.983970459434649f,0.004605100300128059f,0.17827206177971766f,-0.12567309628578105f,0.004531330706163468f,0.9999893964693954f,-0.0008209694303807056f,0.8063820645368942f,-0.17827395211302488f,6.181722428547095e-19f,-0.9839808931061634f,-1.5390515510531887e-17f,0f,0f,0f,1f], start_interpolation: 0}
# It's actually faster to use an on passeners call that checks tag immediately
# than to spread it into a function that runs a bunch of tag checks on each bone.
execute on passengers if entity @s[tag=aj.armor_stand.bone.left_leg] run data merge entity @s {transformation: [-0.983970459434649f,-0.004605100300128059f,-0.17827206177971744f,0.12567309628578105f,-0.004531330706163468f,0.9999893964693954f,-0.0008209694303807056f,0.8063820645368942f,0.17827395211302466f,-5.09752025606159e-19f,-0.9839808931061634f,1.5390515510531887e-17f,0f,0f,0f,1f], start_interpolation: 0}