# This file was generated by Animated Java via MC-Build. It is not recommended to edit this file directly.
# It's actually faster to use an on passeners call that checks tag immediately
# than to spread it into a function that runs a bunch of tag checks on each bone.
execute on passengers if entity @s[tag=aj.armor_stand.bone.head] run data merge entity @s {transformation: [-1f,-3.271968274555498e-33f,1.2246467991473532e-16f,0f,0f,1f,2.671764852391375e-17f,1.5f,-1.2246467991473532e-16f,2.671764852391375e-17f,-1f,0f,0f,0f,0f,1f], start_interpolation: 0}
# It's actually faster to use an on passeners call that checks tag immediately
# than to spread it into a function that runs a bunch of tag checks on each bone.
execute on passengers if entity @s[tag=aj.armor_stand.bone.left_arm] run data merge entity @s {transformation: [-0.940576131029856f,-0.33958289376366857f,1.2246467991473532e-16f,0.375f,-0.33958289376366857f,0.940576131029856f,0f,1.5f,-1.1518735482201147e-16f,-4.158691038928724e-17f,-1f,4.592425496802574e-17f,0f,0f,0f,1f], start_interpolation: 0}
# It's actually faster to use an on passeners call that checks tag immediately
# than to spread it into a function that runs a bunch of tag checks on each bone.
execute on passengers if entity @s[tag=aj.armor_stand.bone.right_arm] run data merge entity @s {transformation: [-0.940576131029856f,0.33958289376366857f,1.2246467991473532e-16f,-0.375f,0.33958289376366857f,0.940576131029856f,0f,1.5f,-1.1518735482201147e-16f,4.158691038928724e-17f,-1f,-4.592425496802574e-17f,0f,0f,0f,1f], start_interpolation: 0}
# It's actually faster to use an on passeners call that checks tag immediately
# than to spread it into a function that runs a bunch of tag checks on each bone.
execute on passengers if entity @s[tag=aj.armor_stand.bone.body] run data merge entity @s {transformation: [-1f,0f,1.2246467991473532e-16f,0f,0f,1f,0f,1.5625f,-1.2246467991473532e-16f,0f,-1f,0f,0f,0f,0f,1f], start_interpolation: 0}
# It's actually faster to use an on passeners call that checks tag immediately
# than to spread it into a function that runs a bunch of tag checks on each bone.
execute on passengers if entity @s[tag=aj.armor_stand.bone.right_leg2] run data merge entity @s {transformation: [-0.9797180583749898f,0.02514556978743305f,0.1987969476979098f,-0.12867573187467055f,0.024643361035474702f,0.999683800168866f,-0.005000443661307767f,0.8125f,-0.19885982714167133f,3.0794441552916272e-18f,-0.9800279430450872f,-1.5758232316825832e-17f,0f,0f,0f,1f], start_interpolation: 0}
# It's actually faster to use an on passeners call that checks tag immediately
# than to spread it into a function that runs a bunch of tag checks on each bone.
execute on passengers if entity @s[tag=aj.armor_stand.bone.left_leg] run data merge entity @s {transformation: [-0.9797180583749898f,-0.02514556978743305f,-0.19879694769790957f,0.12867573187467055f,-0.024643361035474702f,0.999683800168866f,-0.005000443661307767f,0.8125f,0.1988598271416711f,-3.0794441552916272e-18f,-0.9800279430450872f,1.5758232316825832e-17f,0f,0f,0f,1f], start_interpolation: 0}