# This file was generated by Animated Java via MC-Build. It is not recommended to edit this file directly.
# It's actually faster to use an on passeners call that checks tag immediately
# than to spread it into a function that runs a bunch of tag checks on each bone.
execute on passengers if entity @s[tag=aj.armor_stand.bone.head] run data merge entity @s {transformation: [-1f,0f,1.2246467991473532e-16f,0f,0f,1f,0f,1.4938820645368942f,-1.2246467991473532e-16f,0f,-1f,0f,0f,0f,0f,1f], start_interpolation: 0}
# It's actually faster to use an on passeners call that checks tag immediately
# than to spread it into a function that runs a bunch of tag checks on each bone.
execute on passengers if entity @s[tag=aj.armor_stand.bone.left_arm] run data merge entity @s {transformation: [-0.7990924441755975f,-0.6012081716522735f,1.2246467991473532e-16f,0.375f,-0.6012081716522735f,0.7990924441755975f,0f,1.4938820645368942f,-9.786060039824805e-17f,-7.362676630351892e-17f,-1f,4.592425496802574e-17f,0f,0f,0f,1f], start_interpolation: 0}
# It's actually faster to use an on passeners call that checks tag immediately
# than to spread it into a function that runs a bunch of tag checks on each bone.
execute on passengers if entity @s[tag=aj.armor_stand.bone.right_arm] run data merge entity @s {transformation: [-0.7990924441755975f,0.6012081716522735f,1.2246467991473532e-16f,-0.375f,0.6012081716522735f,0.7990924441755975f,0f,1.4938820645368942f,-9.786060039824805e-17f,7.362676630351892e-17f,-1f,-4.592425496802574e-17f,0f,0f,0f,1f], start_interpolation: 0}
# It's actually faster to use an on passeners call that checks tag immediately
# than to spread it into a function that runs a bunch of tag checks on each bone.
execute on passengers if entity @s[tag=aj.armor_stand.bone.body] run data merge entity @s {transformation: [-1f,0f,1.2246467991473532e-16f,0f,0f,1f,0f,1.5563820645368942f,-1.2246467991473532e-16f,0f,-1f,0f,0f,0f,0f,1f], start_interpolation: 0}
# It's actually faster to use an on passeners call that checks tag immediately
# than to spread it into a function that runs a bunch of tag checks on each bone.
execute on passengers if entity @s[tag=aj.armor_stand.bone.right_leg2] run data merge entity @s {transformation: [-0.9630349914026283f,0.0835642590916252f,0.2560871334850845f,-0.13722823782956017f,0.08075776464731742f,0.9965023906657062f,-0.021474842181044104f,0.8063820645368942f,-0.25698597001258305f,1.1968393717944697e-17f,-0.9664151339960958f,-1.680561222106026e-17f,0f,0f,0f,1f], start_interpolation: 0}
# It's actually faster to use an on passeners call that checks tag immediately
# than to spread it into a function that runs a bunch of tag checks on each bone.
execute on passengers if entity @s[tag=aj.armor_stand.bone.left_leg] run data merge entity @s {transformation: [-0.9630349914026283f,-0.0835642590916252f,-0.2560871334850843f,0.13722823782956017f,-0.08075776464731742f,0.9965023906657062f,-0.021474842181044104f,0.8063820645368942f,0.25698597001258283f,-8.498946765991083e-18f,-0.9664151339960958f,1.680561222106026e-17f,0f,0f,0f,1f], start_interpolation: 0}