# This file was generated by Animated Java via MC-Build. It is not recommended to edit this file directly.
# It's actually faster to use an on passeners call that checks tag immediately
# than to spread it into a function that runs a bunch of tag checks on each bone.
execute on passengers if entity @s[tag=aj.armor_stand.bone.head] run data merge entity @s {transformation: [-1f,0f,1.2246467991473532e-16f,0f,0f,1f,0f,1.4761271242968683f,-1.2246467991473532e-16f,0f,-1f,0f,0f,0f,0f,1f], start_interpolation: 0}
# It's actually faster to use an on passeners call that checks tag immediately
# than to spread it into a function that runs a bunch of tag checks on each bone.
execute on passengers if entity @s[tag=aj.armor_stand.bone.left_arm] run data merge entity @s {transformation: [-0.4859693859888776f,-0.8739758325500729f,1.2246467991473532e-16f,0.375f,-0.8739758325500729f,0.4859693859888776f,0f,1.4761271242968683f,-5.951408530348836e-17f,-1.07031170586459e-16f,-1f,4.592425496802574e-17f,0f,0f,0f,1f], start_interpolation: 0}
# It's actually faster to use an on passeners call that checks tag immediately
# than to spread it into a function that runs a bunch of tag checks on each bone.
execute on passengers if entity @s[tag=aj.armor_stand.bone.right_arm] run data merge entity @s {transformation: [-0.4859693859888776f,0.8739758325500729f,1.2246467991473532e-16f,-0.375f,0.8739758325500729f,0.4859693859888776f,0f,1.4761271242968683f,-5.951408530348836e-17f,1.07031170586459e-16f,-1f,-4.592425496802574e-17f,0f,0f,0f,1f], start_interpolation: 0}
# It's actually faster to use an on passeners call that checks tag immediately
# than to spread it into a function that runs a bunch of tag checks on each bone.
execute on passengers if entity @s[tag=aj.armor_stand.bone.body] run data merge entity @s {transformation: [-1f,0f,1.2246467991473532e-16f,0f,0f,1f,0f,1.5386271242968683f,-1.2246467991473532e-16f,0f,-1f,0f,0f,0f,0f,1f], start_interpolation: 0}
# It's actually faster to use an on passeners call that checks tag immediately
# than to spread it into a function that runs a bunch of tag checks on each bone.
execute on passengers if entity @s[tag=aj.armor_stand.bone.right_leg2] run data merge entity @s {transformation: [-0.9286711346433136f,0.16489445700120453f,0.33223446800501955f,-0.14921199826030707f,0.15525801566517555f,0.9863112176439432f,-0.055543951258748184f,0.7886271242968684f,-0.3368454723638312f,1.6724299944412984e-17f,-0.9415599437890226f,-1.8273199606386548e-17f,0f,0f,0f,1f], start_interpolation: 0}
# It's actually faster to use an on passeners call that checks tag immediately
# than to spread it into a function that runs a bunch of tag checks on each bone.
execute on passengers if entity @s[tag=aj.armor_stand.bone.left_leg] run data merge entity @s {transformation: [-0.9286711346433136f,-0.16489445700120453f,-0.3322344680050193f,0.14921199826030707f,-0.15525801566517555f,0.9863112176439432f,-0.055543951258748184f,0.7886271242968684f,0.336845472363831f,-2.3663193848320212e-17f,-0.9415599437890226f,1.8273199606386548e-17f,0f,0f,0f,1f], start_interpolation: 0}