# This file was generated by Animated Java via MC-Build. It is not recommended to edit this file directly.
# It's actually faster to use an on passeners call that checks tag immediately
# than to spread it into a function that runs a bunch of tag checks on each bone.
execute on passengers if entity @s[tag=aj.armor_stand.bone.head] run data merge entity @s {transformation: [-1f,0f,1.2246467991473532e-16f,0f,0f,1f,0f,1.4484731565365592f,-1.2246467991473532e-16f,0f,-1f,0f,0f,0f,0f,1f], start_interpolation: 0}
# It's actually faster to use an on passeners call that checks tag immediately
# than to spread it into a function that runs a bunch of tag checks on each bone.
execute on passengers if entity @s[tag=aj.armor_stand.bone.left_arm] run data merge entity @s {transformation: [-0.31568731650318005f,-0.9488632768734497f,1.2246467991473532e-16f,0.375f,-0.9488632768734497f,0.31568731650318005f,0f,1.4484731565365592f,-3.8660546168703683e-17f,-1.162022374851539e-16f,-1f,4.592425496802574e-17f,0f,0f,0f,1f], start_interpolation: 0}
# It's actually faster to use an on passeners call that checks tag immediately
# than to spread it into a function that runs a bunch of tag checks on each bone.
execute on passengers if entity @s[tag=aj.armor_stand.bone.right_arm] run data merge entity @s {transformation: [-0.31568731650318005f,0.9488632768734497f,1.2246467991473532e-16f,-0.375f,0.9488632768734497f,0.31568731650318005f,0f,1.4484731565365592f,-3.8660546168703683e-17f,1.162022374851539e-16f,-1f,-4.592425496802574e-17f,0f,0f,0f,1f], start_interpolation: 0}
# It's actually faster to use an on passeners call that checks tag immediately
# than to spread it into a function that runs a bunch of tag checks on each bone.
execute on passengers if entity @s[tag=aj.armor_stand.bone.body] run data merge entity @s {transformation: [-1f,0f,1.2246467991473532e-16f,0f,0f,1f,0f,1.5109731565365592f,-1.2246467991473532e-16f,0f,-1f,0f,0f,0f,0f,1f], start_interpolation: 0}
# It's actually faster to use an on passeners call that checks tag immediately
# than to spread it into a function that runs a bunch of tag checks on each bone.
execute on passengers if entity @s[tag=aj.armor_stand.bone.right_leg2] run data merge entity @s {transformation: [-0.9094525024900922f,0.20078977912739265f,0.3641148312174081f,-0.15454884427907573f,0.18640502615678917f,0.979634352499938f,-0.07463043364147018f,0.7609731565365592f,-0.3716844252023422f,3.1528549934893775e-17f,-0.9283591374365874f,-1.8926774745829283e-17f,0f,0f,0f,1f], start_interpolation: 0}
# It's actually faster to use an on passeners call that checks tag immediately
# than to spread it into a function that runs a bunch of tag checks on each bone.
execute on passengers if entity @s[tag=aj.armor_stand.bone.left_leg] run data merge entity @s {transformation: [-0.9094525024900922f,-0.20078977912739265f,-0.3641148312174079f,0.15454884427907573f,-0.18640502615678917f,0.979634352499938f,-0.07463043364147018f,0.7609731565365592f,0.37168442520234196f,-1.7650762127079315e-17f,-0.9283591374365874f,1.8926774745829283e-17f,0f,0f,0f,1f], start_interpolation: 0}