# This file was generated by Animated Java via MC-Build. It is not recommended to edit this file directly.
# It's actually faster to use an on passeners call that checks tag immediately
# than to spread it into a function that runs a bunch of tag checks on each bone.
execute on passengers if entity @s[tag=aj.armor_stand.bone.head] run data merge entity @s {transformation: [-1f,-1.0491015375668596e-17f,1.220144926761e-16f,2.6383482415485803e-19f,0f,0.9963239422260463f,0.08566564157904832f,1.351933744693026f,-1.2246467991473532e-16f,0.08566564157904832f,-0.9963239422260463f,-0.0021543748314905987f,0f,0f,0f,1f], start_interpolation: 0}
# It's actually faster to use an on passeners call that checks tag immediately
# than to spread it into a function that runs a bunch of tag checks on each bone.
execute on passengers if entity @s[tag=aj.armor_stand.bone.left_arm] run data merge entity @s {transformation: [-0.25881906053553305f,-0.965925822153805f,1.2239190320492098e-16f,0.375f,-0.9653518043773326f,0.25866525292605635f,0.03446999730384958f,1.351933744693026f,-0.03329546048536038f,0.008921492318844588f,-0.9994057330663421f,-0.0021543748314905528f,0f,0f,0f,1f], start_interpolation: 0}
# It's actually faster to use an on passeners call that checks tag immediately
# than to spread it into a function that runs a bunch of tag checks on each bone.
execute on passengers if entity @s[tag=aj.armor_stand.bone.right_arm] run data merge entity @s {transformation: [-0.25881906053553305f,0.965925822153805f,1.2239190320492098e-16f,-0.375f,0.9653518043773326f,0.25866525292605635f,0.03446999730384958f,1.351933744693026f,0.03329546048536031f,0.008921492318844823f,-0.9994057330663421f,-0.0021543748314906447f,0f,0f,0f,1f], start_interpolation: 0}
# It's actually faster to use an on passeners call that checks tag immediately
# than to spread it into a function that runs a bunch of tag checks on each bone.
execute on passengers if entity @s[tag=aj.armor_stand.bone.body] run data merge entity @s {transformation: [-1f,-4.2213571864777285e-18f,1.2239190320492098e-16f,0f,0f,0.9994057330663421f,0.03446999730384958f,1.4143966030096724f,-1.2246467991473532e-16f,0.03446999730384958f,-0.9994057330663421f,0f,0f,0f,0f,1f], start_interpolation: 0}
# It's actually faster to use an on passeners call that checks tag immediately
# than to spread it into a function that runs a bunch of tag checks on each bone.
execute on passengers if entity @s[tag=aj.armor_stand.bone.right_leg2] run data merge entity @s {transformation: [-0.9028438196031159f,0.21217766909617256f,0.373970151404322f,-0.15624999954228036f,0.19602660599336988f,0.9772311071271295f,-0.08119687805454728f,0.7261271242968684f,-0.38268342941284583f,2.59842703309174e-17f,-0.9238795337341463f,-1.9135106180622905e-17f,0f,0f,0f,1f], start_interpolation: 0}
# It's actually faster to use an on passeners call that checks tag immediately
# than to spread it into a function that runs a bunch of tag checks on each bone.
execute on passengers if entity @s[tag=aj.armor_stand.bone.left_leg] run data merge entity @s {transformation: [-0.9028438196031159f,-0.21217766909617256f,-0.37397015140432177f,0.15624999954228036f,-0.19602660599336988f,0.9772311071271295f,-0.08119687805454728f,0.7261271242968684f,0.3826834294128456f,-2.59842703309174e-17f,-0.9238795337341463f,1.9135106180622905e-17f,0f,0f,0f,1f], start_interpolation: 0}