# This file was generated by Animated Java via MC-Build. It is not recommended to edit this file directly.
# It's actually faster to use an on passeners call that checks tag immediately
# than to spread it into a function that runs a bunch of tag checks on each bone.
execute on passengers if entity @s[tag=aj.armor_stand.bone.head] run data merge entity @s {transformation: [-1f,-6.687264452679258e-19f,1.224628540887398e-16f,4.179540282924536e-20f,0f,0.999985090999325f,0.005460565819741f,1.4038509020443963f,-1.2246467991473532e-16f,0.005460565819741f,-0.999985090999325f,-0.0003412853637338125f,0f,0f,0f,1f], start_interpolation: 0}
# It's actually faster to use an on passeners call that checks tag immediately
# than to spread it into a function that runs a bunch of tag checks on each bone.
execute on passengers if entity @s[tag=aj.armor_stand.bone.left_arm] run data merge entity @s {transformation: [-0.2660577087329675f,-0.9639571025848419f,1.224628540887398e-16f,0.375f,-0.9639427309477487f,0.26605374207840843f,0.005460565819741f,1.4038509020443963f,-0.005263751206071389f,0.0014528256303857308f,-0.999985090999325f,-0.00034128536373376656f,0f,0f,0f,1f], start_interpolation: 0}
# It's actually faster to use an on passeners call that checks tag immediately
# than to spread it into a function that runs a bunch of tag checks on each bone.
execute on passengers if entity @s[tag=aj.armor_stand.bone.right_arm] run data merge entity @s {transformation: [-0.2660577087329675f,0.9639571025848419f,1.224628540887398e-16f,-0.375f,0.9639427309477487f,0.26605374207840843f,0.005460565819741f,1.4038509020443963f,0.005263751206071323f,0.0014528256303859668f,-0.999985090999325f,-0.0003412853637338584f,0f,0f,0f,1f], start_interpolation: 0}
# It's actually faster to use an on passeners call that checks tag immediately
# than to spread it into a function that runs a bunch of tag checks on each bone.
execute on passengers if entity @s[tag=aj.armor_stand.bone.body] run data merge entity @s {transformation: [-1f,-6.687264452679258e-19f,1.224628540887398e-16f,0f,0f,0.999985090999325f,0.005460565819741f,1.466349970231854f,-1.2246467991473532e-16f,0.005460565819741f,-0.999985090999325f,0f,0f,0f,0f,1f], start_interpolation: 0}
# It's actually faster to use an on passeners call that checks tag immediately
# than to spread it into a function that runs a bunch of tag checks on each bone.
execute on passengers if entity @s[tag=aj.armor_stand.bone.right_leg2] run data merge entity @s {transformation: [-0.9036913020260672f,0.21074060221957028f,0.37273372428392404f,-0.15603509425407472f,0.19481970651011934f,0.9775420188289262f,-0.08035473464070499f,0.7261271242968684f,-0.3812968824915074f,2.5808280395858234e-17f,-0.9244526420548852f,-1.9108787873290817e-17f,0f,0f,0f,1f], start_interpolation: 0}
# It's actually faster to use an on passeners call that checks tag immediately
# than to spread it into a function that runs a bunch of tag checks on each bone.
execute on passengers if entity @s[tag=aj.armor_stand.bone.left_leg] run data merge entity @s {transformation: [-0.9036913020260672f,-0.21074060221957028f,-0.3727337242839238f,0.15603509425407472f,-0.19481970651011934f,0.9775420188289262f,-0.08035473464070499f,0.7261271242968684f,0.38129688249150717f,-2.5808280395858234e-17f,-0.9244526420548852f,1.9108787873290817e-17f,0f,0f,0f,1f], start_interpolation: 0}