# This file was generated by Animated Java via MC-Build. It is not recommended to edit this file directly.
# It's actually faster to use an on passeners call that checks tag immediately
# than to spread it into a function that runs a bunch of tag checks on each bone.
execute on passengers if entity @s[tag=aj.armor_stand.bone.head] run data merge entity @s {transformation: [-1f,-1.3942596092420886e-17f,1.2166840937902568e-16f,2.3801761336794264e-19f,0f,0.9934979576457145f,0.113849936995126f,1.3928154755284745f,-1.2246467991473532e-16f,0.113849936995126f,-0.9934979576457145f,-0.0019435613070940925f,0f,0f,0f,1f], start_interpolation: 0}
# It's actually faster to use an on passeners call that checks tag immediately
# than to spread it into a function that runs a bunch of tag checks on each bone.
execute on passengers if entity @s[tag=aj.armor_stand.bone.left_arm] run data merge entity @s {transformation: [-0.25883015773384566f,-0.9659228485999659f,1.2240545255928998e-16f,0.375f,-0.9654557012075371f,0.2587049802070457f,0.03109698091350548f,1.3928154755284745f,-0.030037284386832015f,0.008048836474888892f,-0.9995163719409828f,-0.0019435613070940465f,0f,0f,0f,1f], start_interpolation: 0}
# It's actually faster to use an on passeners call that checks tag immediately
# than to spread it into a function that runs a bunch of tag checks on each bone.
execute on passengers if entity @s[tag=aj.armor_stand.bone.right_arm] run data merge entity @s {transformation: [-0.25883015773384566f,0.9659228485999659f,1.2240545255928998e-16f,-0.375f,0.9654557012075371f,0.2587049802070457f,0.03109698091350548f,1.3928154755284745f,0.030037284386831953f,0.008048836474889128f,-0.9995163719409828f,-0.0019435613070941384f,0f,0f,0f,1f], start_interpolation: 0}
# It's actually faster to use an on passeners call that checks tag immediately
# than to spread it into a function that runs a bunch of tag checks on each bone.
execute on passengers if entity @s[tag=aj.armor_stand.bone.body] run data merge entity @s {transformation: [-1f,-3.808281813887082e-18f,1.2240545255928998e-16f,0f,0f,0.9995163719409828f,0.03109698091350548f,1.455285248774786f,-1.2246467991473532e-16f,0.03109698091350548f,-0.9995163719409828f,0f,0f,0f,0f,1f], start_interpolation: 0}
# It's actually faster to use an on passeners call that checks tag immediately
# than to spread it into a function that runs a bunch of tag checks on each bone.
execute on passengers if entity @s[tag=aj.armor_stand.bone.right_leg2] run data merge entity @s {transformation: [-0.902845120292904f,0.21217546858438216f,0.37396825974177217f,-0.1562496704157616f,0.19602475955214613f,0.9772315849024723f,-0.0811955855421059f,0.7609731565365592f,-0.38268130658005106f,1.9045106942038114e-17f,-0.9238804130374153f,-1.9135065874249132e-17f,0f,0f,0f,1f], start_interpolation: 0}
# It's actually faster to use an on passeners call that checks tag immediately
# than to spread it into a function that runs a bunch of tag checks on each bone.
execute on passengers if entity @s[tag=aj.armor_stand.bone.left_leg] run data merge entity @s {transformation: [-0.902845120292904f,-0.21217546858438216f,-0.37396825974177195f,0.1562496704157616f,-0.19602475955214613f,0.9772315849024723f,-0.0811955855421059f,0.7609731565365592f,0.38268130658005084f,-3.2922894749852574e-17f,-0.9238804130374153f,1.9135065874249132e-17f,0f,0f,0f,1f], start_interpolation: 0}