# This file was generated by Animated Java via MC-Build. It is not recommended to edit this file directly.
# It's actually faster to use an on passeners call that checks tag immediately
# than to spread it into a function that runs a bunch of tag checks on each bone.
execute on passengers if entity @s[tag=aj.armor_stand.bone.head] run data merge entity @s {transformation: [-1f,-1.2085026249102598e-17f,1.2186693549596245e-16f,1.2129050917644718e-19f,0f,0.9951190464124919f,0.0986817281318717f,1.4477605658859585f,-1.2246467991473532e-16f,0.0986817281318717f,-0.9951190464124919f,-0.0009904121683157491f,0f,0f,0f,1f], start_interpolation: 0}
# It's actually faster to use an on passeners call that checks tag immediately
# than to spread it into a function that runs a bunch of tag checks on each bone.
execute on passengers if entity @s[tag=aj.armor_stand.bone.left_arm] run data merge entity @s {transformation: [-0.2605044597827618f,-0.9654726440626329f,1.2244930261699658e-16f,0.375f,-0.9653514143307895f,0.260471749497289f,0.015846594693051986f,1.4477605658859585f,-0.015299453677689819f,0.00412810858990977f,-0.9998744348350117f,-0.0009904121683157031f,0f,0f,0f,1f], start_interpolation: 0}
# It's actually faster to use an on passeners call that checks tag immediately
# than to spread it into a function that runs a bunch of tag checks on each bone.
execute on passengers if entity @s[tag=aj.armor_stand.bone.right_arm] run data merge entity @s {transformation: [-0.2605044597827618f,0.9654726440626329f,1.2244930261699658e-16f,-0.375f,0.9653514143307895f,0.260471749497289f,0.015846594693051986f,1.4477605658859585f,0.015299453677689756f,0.0041281085899100055f,-0.9998744348350117f,-0.000990412168315795f,0f,0f,0f,1f], start_interpolation: 0}
# It's actually faster to use an on passeners call that checks tag immediately
# than to spread it into a function that runs a bunch of tag checks on each bone.
execute on passengers if entity @s[tag=aj.armor_stand.bone.body] run data merge entity @s {transformation: [-1f,-1.940648146823155e-18f,1.2244930261699658e-16f,0f,0f,0.9998744348350117f,0.015846594693051986f,1.5102527180631466f,-1.2246467991473532e-16f,0.015846594693051986f,-0.9998744348350117f,0f,0f,0f,0f,1f], start_interpolation: 0}
# It's actually faster to use an on passeners call that checks tag immediately
# than to spread it into a function that runs a bunch of tag checks on each bone.
execute on passengers if entity @s[tag=aj.armor_stand.bone.right_leg2] run data merge entity @s {transformation: [-0.9030413118006101f,0.21184337379507703f,0.37368271857359503f,-0.15620000144979007f,0.19574604280494998f,0.9773036298812766f,-0.08100062806598121f,0.7886271242968684f,-0.3823609236148956f,2.5943330963871737e-17f,-0.9240130540703221f,-1.9128983180229733e-17f,0f,0f,0f,1f], start_interpolation: 0}
# It's actually faster to use an on passeners call that checks tag immediately
# than to spread it into a function that runs a bunch of tag checks on each bone.
execute on passengers if entity @s[tag=aj.armor_stand.bone.left_leg] run data merge entity @s {transformation: [-0.9030413118006101f,-0.21184337379507703f,-0.3736827185735948f,0.15620000144979007f,-0.19574604280494998f,0.9773036298812766f,-0.08100062806598121f,0.7886271242968684f,0.3823609236148954f,-2.5943330963871737e-17f,-0.9240130540703221f,1.9128983180229733e-17f,0f,0f,0f,1f], start_interpolation: 0}