# This file was generated by Animated Java via MC-Build. It is not recommended to edit this file directly.
# It's actually faster to use an on passeners call that checks tag immediately
# than to spread it into a function that runs a bunch of tag checks on each bone.
execute on passengers if entity @s[tag=aj.armor_stand.bone.head] run data merge entity @s {transformation: [-1f,-6.278941678554597e-18f,1.2230360876938949e-16f,0f,0f,0.9986847542862319f,0.05127144971861471f,1.4938820645368942f,-1.2246467991473532e-16f,0.05127144971861471f,-0.9986847542862319f,0f,0f,0f,0f,1f], start_interpolation: 0}
# It's actually faster to use an on passeners call that checks tag immediately
# than to spread it into a function that runs a bunch of tag checks on each bone.
execute on passengers if entity @s[tag=aj.armor_stand.bone.left_arm] run data merge entity @s {transformation: [-0.28144042461243524f,-0.9595787030744127f,1.2246467991473532e-16f,0.375f,-0.9595787030744127f,0.28144042461243524f,0f,1.4938820645368942f,-3.446651151522908e-17f,-1.175144987250048e-16f,-1f,4.592425496802574e-17f,0f,0f,0f,1f], start_interpolation: 0}
# It's actually faster to use an on passeners call that checks tag immediately
# than to spread it into a function that runs a bunch of tag checks on each bone.
execute on passengers if entity @s[tag=aj.armor_stand.bone.right_arm] run data merge entity @s {transformation: [-0.28144042461243524f,0.9595787030744127f,1.2246467991473532e-16f,-0.375f,0.9595787030744127f,0.28144042461243524f,0f,1.4938820645368942f,-3.446651151522908e-17f,1.175144987250048e-16f,-1f,-4.592425496802574e-17f,0f,0f,0f,1f], start_interpolation: 0}
# It's actually faster to use an on passeners call that checks tag immediately
# than to spread it into a function that runs a bunch of tag checks on each bone.
execute on passengers if entity @s[tag=aj.armor_stand.bone.body] run data merge entity @s {transformation: [-1f,0f,1.2246467991473532e-16f,0f,0f,1f,0f,1.5563820645368942f,-1.2246467991473532e-16f,0f,-1f,0f,0f,0f,0f,1f], start_interpolation: 0}
# It's actually faster to use an on passeners call that checks tag immediately
# than to spread it into a function that runs a bunch of tag checks on each bone.
execute on passengers if entity @s[tag=aj.armor_stand.bone.right_leg2] run data merge entity @s {transformation: [-0.9054860433143257f,0.2076751750623402f,0.37008924197522064f,-0.15557690371421895f,0.19223817937136398f,0.9781978438244618f,-0.07857137347123919f,0.8063820645368942f,-0.37833782226331847f,3.237176774415335e-17f,-0.9256675927378304f,-1.905267571548742e-17f,0f,0f,0f,1f], start_interpolation: 0}
# It's actually faster to use an on passeners call that checks tag immediately
# than to spread it into a function that runs a bunch of tag checks on each bone.
execute on passengers if entity @s[tag=aj.armor_stand.bone.left_leg] run data merge entity @s {transformation: [-0.9054860433143257f,-0.2076751750623402f,-0.3700892419752204f,0.15557690371421895f,-0.19223817937136398f,0.9781978438244618f,-0.07857137347123919f,0.8063820645368942f,0.37833782226331825f,-1.849397993633889e-17f,-0.9256675927378304f,1.905267571548742e-17f,0f,0f,0f,1f], start_interpolation: 0}