# This file was generated by Animated Java via MC-Build. It is not recommended to edit this file directly.
# It's actually faster to use an on passeners call that checks tag immediately
# than to spread it into a function that runs a bunch of tag checks on each bone.
execute on passengers if entity @s[tag=aj.armor_stand.bone.head] run data merge entity @s {transformation: [-1f,-6.543936549110996e-34f,1.2246467991473532e-16f,0f,0f,1f,5.34352970478275e-18f,1.5f,-1.2246467991473532e-16f,5.34352970478275e-18f,-1f,0f,0f,0f,0f,1f], start_interpolation: 0}
# It's actually faster to use an on passeners call that checks tag immediately
# than to spread it into a function that runs a bunch of tag checks on each bone.
execute on passengers if entity @s[tag=aj.armor_stand.bone.left_arm] run data merge entity @s {transformation: [-0.3802870407001939f,-0.9248685131820031f,1.2246467991473532e-16f,0.375f,-0.9248685131820031f,0.3802870407001939f,0f,1.5f,-4.657173071507117e-17f,-1.1326372643005118e-16f,-1f,4.592425496802574e-17f,0f,0f,0f,1f], start_interpolation: 0}
# It's actually faster to use an on passeners call that checks tag immediately
# than to spread it into a function that runs a bunch of tag checks on each bone.
execute on passengers if entity @s[tag=aj.armor_stand.bone.right_arm] run data merge entity @s {transformation: [-0.3802870407001939f,0.9248685131820031f,1.2246467991473532e-16f,-0.375f,0.9248685131820031f,0.3802870407001939f,0f,1.5f,-4.657173071507117e-17f,1.1326372643005118e-16f,-1f,-4.592425496802574e-17f,0f,0f,0f,1f], start_interpolation: 0}
# It's actually faster to use an on passeners call that checks tag immediately
# than to spread it into a function that runs a bunch of tag checks on each bone.
execute on passengers if entity @s[tag=aj.armor_stand.bone.body] run data merge entity @s {transformation: [-1f,0f,1.2246467991473532e-16f,0f,0f,1f,0f,1.5625f,-1.2246467991473532e-16f,0f,-1f,0f,0f,0f,0f,1f], start_interpolation: 0}
# It's actually faster to use an on passeners call that checks tag immediately
# than to spread it into a function that runs a bunch of tag checks on each bone.
execute on passengers if entity @s[tag=aj.armor_stand.bone.right_leg2] run data merge entity @s {transformation: [-0.9168336782727363f,0.18753754862633235f,0.3524849986029346f,-0.15257426812532948f,0.17504651475489577f,0.9822574346143815f,-0.06729821555537722f,0.8125f,-0.3588519528399543f,2.2966725864517903e-17f,-0.9333944910609615f,-1.8684958909193477e-17f,0f,0f,0f,1f], start_interpolation: 0}
# It's actually faster to use an on passeners call that checks tag immediately
# than to spread it into a function that runs a bunch of tag checks on each bone.
execute on passengers if entity @s[tag=aj.armor_stand.bone.left_leg] run data merge entity @s {transformation: [-0.9168336782727363f,-0.18753754862633235f,-0.35248499860293436f,0.15257426812532948f,-0.17504651475489577f,0.9822574346143815f,-0.06729821555537722f,0.8125f,0.3588519528399541f,-2.2966725864517903e-17f,-0.9333944910609615f,1.8684958909193477e-17f,0f,0f,0f,1f], start_interpolation: 0}