# This file was generated by Animated Java via MC-Build. It is not recommended to edit this file directly.
# It's actually faster to use an on passeners call that checks tag immediately
# than to spread it into a function that runs a bunch of tag checks on each bone.
execute on passengers if entity @s[tag=aj.armor_stand.bone.head] run data merge entity @s {transformation: [-1f,0f,1.2246467991473532e-16f,0f,0f,1f,0f,1.4938820645368942f,-1.2246467991473532e-16f,0f,-1f,0f,0f,0f,0f,1f], start_interpolation: 0}
# It's actually faster to use an on passeners call that checks tag immediately
# than to spread it into a function that runs a bunch of tag checks on each bone.
execute on passengers if entity @s[tag=aj.armor_stand.bone.left_arm] run data merge entity @s {transformation: [-0.6354918775528922f,-0.772107553106625f,1.2246467991473532e-16f,0.375f,-0.772107553106625f,0.6354918775528922f,0f,1.4938820645368942f,-7.782530937292911e-17f,-9.455590435095234e-17f,-1f,4.592425496802574e-17f,0f,0f,0f,1f], start_interpolation: 0}
# It's actually faster to use an on passeners call that checks tag immediately
# than to spread it into a function that runs a bunch of tag checks on each bone.
execute on passengers if entity @s[tag=aj.armor_stand.bone.right_arm] run data merge entity @s {transformation: [-0.6354918775528922f,0.772107553106625f,1.2246467991473532e-16f,-0.375f,0.772107553106625f,0.6354918775528922f,0f,1.4938820645368942f,-7.782530937292911e-17f,9.455590435095234e-17f,-1f,-4.592425496802574e-17f,0f,0f,0f,1f], start_interpolation: 0}
# It's actually faster to use an on passeners call that checks tag immediately
# than to spread it into a function that runs a bunch of tag checks on each bone.
execute on passengers if entity @s[tag=aj.armor_stand.bone.body] run data merge entity @s {transformation: [-1f,0f,1.2246467991473532e-16f,0f,0f,1f,0f,1.5563820645368942f,-1.2246467991473532e-16f,0f,-1f,0f,0f,0f,0f,1f], start_interpolation: 0}
# It's actually faster to use an on passeners call that checks tag immediately
# than to spread it into a function that runs a bunch of tag checks on each bone.
execute on passengers if entity @s[tag=aj.armor_stand.bone.right_leg2] run data merge entity @s {transformation: [-0.9450845487749996f,0.1297739641769404f,0.2999565199967449f,-0.14402176217043983f,0.1236933685092623f,0.991543603792492f,-0.0392585323850707f,0.8063820645368942f,-0.3025147041940065f,1.5892726984195334e-17f,-0.9531447181548103f,-1.763757900495905e-17f,0f,0f,0f,1f], start_interpolation: 0}
# It's actually faster to use an on passeners call that checks tag immediately
# than to spread it into a function that runs a bunch of tag checks on each bone.
execute on passengers if entity @s[tag=aj.armor_stand.bone.left_leg] run data merge entity @s {transformation: [-0.9450845487749996f,-0.1297739641769404f,-0.29995651999674466f,0.14402176217043983f,-0.1236933685092623f,0.991543603792492f,-0.0392585323850707f,0.8063820645368942f,0.3025147041940063f,-1.5892726984195334e-17f,-0.9531447181548103f,1.763757900495905e-17f,0f,0f,0f,1f], start_interpolation: 0}