# This file was generated by Animated Java via MC-Build. It is not recommended to edit this file directly.
# It's actually faster to use an on passeners call that checks tag immediately
# than to spread it into a function that runs a bunch of tag checks on each bone.
execute on passengers if entity @s[tag=aj.armor_stand.bone.head] run data merge entity @s {transformation: [-1f,0f,1.2246467991473532e-16f,0f,0f,1f,0f,1.4761271242968683f,-1.2246467991473532e-16f,0f,-1f,0f,0f,0f,0f,1f], start_interpolation: 0}
# It's actually faster to use an on passeners call that checks tag immediately
# than to spread it into a function that runs a bunch of tag checks on each bone.
execute on passengers if entity @s[tag=aj.armor_stand.bone.left_arm] run data merge entity @s {transformation: [-0.8943416881098171f,-0.4473845604274724f,1.2246467991473532e-16f,0.375f,-0.4473845604274724f,0.8943416881098171f,0f,1.4761271242968683f,-1.0952526856877279e-16f,-5.4788806991544965e-17f,-1f,4.592425496802574e-17f,0f,0f,0f,1f], start_interpolation: 0}
# It's actually faster to use an on passeners call that checks tag immediately
# than to spread it into a function that runs a bunch of tag checks on each bone.
execute on passengers if entity @s[tag=aj.armor_stand.bone.right_arm] run data merge entity @s {transformation: [-0.8943416881098171f,0.4473845604274724f,1.2246467991473532e-16f,-0.375f,0.4473845604274724f,0.8943416881098171f,0f,1.4761271242968683f,-1.0952526856877279e-16f,5.4788806991544965e-17f,-1f,-4.592425496802574e-17f,0f,0f,0f,1f], start_interpolation: 0}
# It's actually faster to use an on passeners call that checks tag immediately
# than to spread it into a function that runs a bunch of tag checks on each bone.
execute on passengers if entity @s[tag=aj.armor_stand.bone.body] run data merge entity @s {transformation: [-1f,0f,1.2246467991473532e-16f,0f,0f,1f,0f,1.5386271242968683f,-1.2246467991473532e-16f,0f,-1f,0f,0f,0f,0f,1f], start_interpolation: 0}
# It's actually faster to use an on passeners call that checks tag immediately
# than to spread it into a function that runs a bunch of tag checks on each bone.
execute on passengers if entity @s[tag=aj.armor_stand.bone.right_leg2] run data merge entity @s {transformation: [-0.9739603391988483f,0.04813322551663227f,0.22155010780640438f,-0.13203800173969296f,0.04693425299025072f,0.9988409245727595f,-0.010676295934551534f,0.7886271242968684f,-0.22180719908044355f,5.894620056158142e-18f,-0.9750905426862105f,-1.6169991619632765e-17f,0f,0f,0f,1f], start_interpolation: 0}
# It's actually faster to use an on passeners call that checks tag immediately
# than to spread it into a function that runs a bunch of tag checks on each bone.
execute on passengers if entity @s[tag=aj.armor_stand.bone.left_leg] run data merge entity @s {transformation: [-0.9739603391988483f,-0.04813322551663227f,-0.22155010780640416f,0.13203800173969296f,-0.04693425299025072f,0.9988409245727595f,-0.010676295934551534f,0.7886271242968684f,0.22180719908044333f,-5.894620056158142e-18f,-0.9750905426862105f,1.6169991619632765e-17f,0f,0f,0f,1f], start_interpolation: 0}