# This file was generated by Animated Java via MC-Build. It is not recommended to edit this file directly.
# It's actually faster to use an on passeners call that checks tag immediately
# than to spread it into a function that runs a bunch of tag checks on each bone.
execute on passengers if entity @s[tag=aj.armor_stand.bone.head] run data merge entity @s {transformation: [-1f,0f,1.2246467991473532e-16f,0f,0f,1f,0f,1.4484731565365592f,-1.2246467991473532e-16f,0f,-1f,0f,0f,0f,0f,1f], start_interpolation: 0}
# It's actually faster to use an on passeners call that checks tag immediately
# than to spread it into a function that runs a bunch of tag checks on each bone.
execute on passengers if entity @s[tag=aj.armor_stand.bone.left_arm] run data merge entity @s {transformation: [-0.9617302566296296f,-0.27399801729776563f,1.2246467991473532e-16f,0.375f,-0.27399801729776563f,0.9617302566296296f,0f,1.4484731565365592f,-1.1777798804246386e-16f,-3.355507948564298e-17f,-1f,4.592425496802574e-17f,0f,0f,0f,1f], start_interpolation: 0}
# It's actually faster to use an on passeners call that checks tag immediately
# than to spread it into a function that runs a bunch of tag checks on each bone.
execute on passengers if entity @s[tag=aj.armor_stand.bone.right_arm] run data merge entity @s {transformation: [-0.9617302566296296f,0.27399801729776563f,1.2246467991473532e-16f,-0.375f,0.27399801729776563f,0.9617302566296296f,0f,1.4484731565365592f,-1.1777798804246386e-16f,3.355507948564298e-17f,-1f,-4.592425496802574e-17f,0f,0f,0f,1f], start_interpolation: 0}
# It's actually faster to use an on passeners call that checks tag immediately
# than to spread it into a function that runs a bunch of tag checks on each bone.
execute on passengers if entity @s[tag=aj.armor_stand.bone.body] run data merge entity @s {transformation: [-1f,0f,1.2246467991473532e-16f,0f,0f,1f,0f,1.5109731565365592f,-1.2246467991473532e-16f,0f,-1f,0f,0f,0f,0f,1f], start_interpolation: 0}
# It's actually faster to use an on passeners call that checks tag immediately
# than to spread it into a function that runs a bunch of tag checks on each bone.
execute on passengers if entity @s[tag=aj.armor_stand.bone.right_leg2] run data merge entity @s {transformation: [-0.9826094947449445f,0.011638518454865498f,0.18531898371527056f,-0.12670115572092427f,0.011436893357581851f,0.9999322701504216f,-0.002156984504243109f,0.7609731565365592f,-0.185331536192339f,1.2084670027597423e-18f,-0.9826760512460797f,-1.5516416480190027e-17f,0f,0f,0f,1f], start_interpolation: 0}
# It's actually faster to use an on passeners call that checks tag immediately
# than to spread it into a function that runs a bunch of tag checks on each bone.
execute on passengers if entity @s[tag=aj.armor_stand.bone.left_leg] run data merge entity @s {transformation: [-0.9826094947449445f,-0.011638518454865498f,-0.18531898371527034f,0.12670115572092427f,-0.011436893357581851f,0.9999322701504216f,-0.002156984504243109f,0.7609731565365592f,0.18533153619233877f,-1.6421478717539441e-18f,-0.9826760512460797f,1.5516416480190027e-17f,0f,0f,0f,1f], start_interpolation: 0}