# This file was generated by Animated Java via MC-Build. It is not recommended to edit this file directly.
# It's actually faster to use an on passeners call that checks tag immediately
# than to spread it into a function that runs a bunch of tag checks on each bone.
execute on passengers if entity @s[tag=aj.armor_stand.bone.baseplate_pivot_a] run data merge entity @s {transformation: [-1f,0f,1.2246467991473532e-16f,4.592425496802574e-17f,0f,1f,0f,0.0625f,-1.2246467991473532e-16f,0f,-1f,-0.375f,0f,0f,0f,1f], start_interpolation: 0}
# It's actually faster to use an on passeners call that checks tag immediately
# than to spread it into a function that runs a bunch of tag checks on each bone.
execute on passengers if entity @s[tag=aj.armor_stand.bone.head] run data merge entity @s {transformation: [-1f,0f,1.2246467991473532e-16f,3.827021247335479e-17f,0f,1f,0f,0.75f,-1.2246467991473532e-16f,0f,-1f,-0.3125f,0f,0f,0f,1f], start_interpolation: 0}
# It's actually faster to use an on passeners call that checks tag immediately
# than to spread it into a function that runs a bunch of tag checks on each bone.
execute on passengers if entity @s[tag=aj.armor_stand.bone.left_arm] run data merge entity @s {transformation: [-0.9762960150440926f,0.21643957819452395f,3.8871591038391667e-8f,0.37500000000000006f,0.19996408749754616f,0.9019799349074563f,-0.3826833687732126f,0.75f,-0.08282786198072874f,-0.3736122401840141f,-0.9238795588519013f,-0.31249999999999994f,0f,0f,0f,1f], start_interpolation: 0}
# It's actually faster to use an on passeners call that checks tag immediately
# than to spread it into a function that runs a bunch of tag checks on each bone.
execute on passengers if entity @s[tag=aj.armor_stand.bone.right_arm] run data merge entity @s {transformation: [-0.9762960150440926f,-0.21643957819452384f,-3.8871590812106444e-8f,-0.37499999999999994f,-0.19996408749754616f,0.9019799349074563f,-0.3826833687732126f,0.75f,0.08282786198072849f,-0.3736122401840141f,-0.9238795588519013f,-0.31250000000000006f,0f,0f,0f,1f], start_interpolation: 0}
# It's actually faster to use an on passeners call that checks tag immediately
# than to spread it into a function that runs a bunch of tag checks on each bone.
execute on passengers if entity @s[tag=aj.armor_stand.bone.body] run data merge entity @s {transformation: [-1f,0f,1.2246467991473532e-16f,3.827021247335479e-17f,0f,1f,0f,0.8125f,-1.2246467991473532e-16f,0f,-1f,-0.3125f,0f,0f,0f,1f], start_interpolation: 0}
# It's actually faster to use an on passeners call that checks tag immediately
# than to spread it into a function that runs a bunch of tag checks on each bone.
execute on passengers if entity @s[tag=aj.armor_stand.bone.right_leg2] run data merge entity @s {transformation: [-0.9238795325112867f,0.38268343236508984f,8.326672684688677e-17f,-0.12499999999999996f,-2.7755575615628914e-17f,2.220446049250313e-16f,-0.9999999999999999f,0.0625f,-0.38268343236508984f,-0.9238795325112866f,-2.220446049250313e-16f,-0.3125f,0f,0f,0f,1f], start_interpolation: 0}
# It's actually faster to use an on passeners call that checks tag immediately
# than to spread it into a function that runs a bunch of tag checks on each bone.
execute on passengers if entity @s[tag=aj.armor_stand.bone.left_leg] run data merge entity @s {transformation: [-0.9238795325112867f,-0.3826834323650896f,-8.326672684688672e-17f,0.12500000000000003f,2.7755575615628914e-17f,2.220446049250313e-16f,-0.9999999999999999f,0.0625f,0.3826834323650896f,-0.9238795325112866f,-2.220446049250313e-16f,-0.3125f,0f,0f,0f,1f], start_interpolation: 0}