# This file was generated by Animated Java via MC-Build. It is not recommended to edit this file directly.
# It's actually faster to use a single command like this than to spread it into a function.
execute on passengers if entity @s[tag=aj.armor_stand.bone.head] run \
	data merge entity @s {transformation: [-0.9969563611936845f,0.0697564737441253f,0.03481448328257633f,0.05231735530809398f,0.06971397998507721f,0.9975640502598242f,-0.0024344658254111945f,1.435673037694868f,-0.03489949670250106f,8.542704229054943e-18f,-0.9993908270190957f,6.407028171791208e-18f,0f,0f,0f,1f], start_interpolation: 0}
# It's actually faster to use a single command like this than to spread it into a function.
execute on passengers if entity @s[tag=aj.armor_stand.bone.left_arm] run \
	data merge entity @s {transformation: [-0.8772255186332912f,0.4388625701782238f,-0.19461509179690217f,0.541515423685226f,0.4449594901777969f,0.8954472917550619f,0.013608812925451002f,1.4014649763643319f,0.18023995550173688f,-0.07465783405034254f,-0.9807852804032304f,-0.09754516100806407f,0f,0f,0f,1f], start_interpolation: 0}
# It's actually faster to use a single command like this than to spread it into a function.
execute on passengers if entity @s[tag=aj.armor_stand.bone.right_arm] run \
	data merge entity @s {transformation: [-0.942512647331782f,0.27165212251060955f,-0.19461509179690217f,-0.31458119597475503f,0.2743262946209701f,0.9615403705982858f,0.013608812925451002f,1.4613290836927704f,0.19082713040646132f,-0.04056155871255433f,-0.9807852804032304f,0.07315887075604807f,0f,0f,0f,1f], start_interpolation: 0}
# It's actually faster to use a single command like this than to spread it into a function.
execute on passengers if entity @s[tag=aj.armor_stand.bone.body] run \
	data merge entity @s {transformation: [-0.978396136754264f,0.0697564737441253f,-0.19461509179690217f,0.05667713491710181f,0.06841612266107251f,0.9975640502598242f,0.013608812925451002f,1.4980207908361072f,0.19509032201612816f,8.542704229054943e-18f,-0.9807852804032304f,6.940947186107142e-18f,0f,0f,0f,1f], start_interpolation: 0}
# It's actually faster to use a single command like this than to spread it into a function.
execute on passengers if entity @s[tag=aj.armor_stand.bone.right_leg2] run \
	data merge entity @s {transformation: [-1f,0f,1.2246467991473532e-16f,-0.125f,0f,1f,0f,0.8125f,-1.2246467991473532e-16f,0f,-1f,-1.5308084989341915e-17f,0f,0f,0f,1f], start_interpolation: 0}
# It's actually faster to use a single command like this than to spread it into a function.
execute on passengers if entity @s[tag=aj.armor_stand.bone.left_leg] run \
	data merge entity @s {transformation: [-1f,0f,1.2246467991473532e-16f,0.125f,0f,1f,0f,0.6875f,-1.2246467991473532e-16f,0f,-1f,1.5308084989341915e-17f,0f,0f,0f,1f], start_interpolation: 0}
# execute on passengers run {
# 	REPEAT (frame.nodes) as node {
# 		IF (node.type === 'bone') {
# 			execute if entity @s[tag=<%TAGS.LOCAL_BONE_ENTITY(export_namespace, node.name)%>] run \
	# 				data merge entity @s {transformation: <%matrixToNbtFloatArray(node.matrix).toString()%>, start_interpolation: 0}
# 		}
# 	}
# }