# This file was generated by Animated Java via MC-Build. It is not recommended to edit this file directly.
# It's actually faster to use an on passeners call that checks tag immediately
# than to spread it into a function that runs a bunch of tag checks on each bone.
execute on passengers if entity @s[tag=aj.armor_stand.bone.head] run data merge entity @s {transformation: [-0.998868126961371f,-0.03233827120617824f,0.034881243614271945f,-0.023659704689020372f,-0.032318571605110286f,0.9994769813334351f,0.0011285893893245996f,1.4187490538240266f,-0.03489949670250106f,-3.96029603226052e-18f,-0.9993908270190958f,-2.897478161618042e-18f,0f,0f,0f,1f], start_interpolation: 0}
# It's actually faster to use an on passeners call that checks tag immediately
# than to spread it into a function that runs a bunch of tag checks on each bone.
execute on passengers if entity @s[tag=aj.armor_stand.bone.left_arm] run data merge entity @s {transformation: [-0.9133555859030495f,0.33356065224699816f,0.233492751434074f,0.4554922950646576f,0.3533318908949098f,0.93429512159889f,0.047425738087484494f,1.4342521095285659f,-0.20233177846380093f,0.1258169981722355f,-0.9712012841808865f,0.14719059456133432f,0f,0f,0f,1f], start_interpolation: 0}
# It's actually faster to use an on passeners call that checks tag immediately
# than to spread it into a function that runs a bunch of tag checks on each bone.
execute on passengers if entity @s[tag=aj.armor_stand.bone.right_arm] run data merge entity @s {transformation: [-0.9473028888563897f,0.11662229855520019f,0.29835629077336456f,-0.3893649590981399f,0.15734607876842757f,0.9806767161319101f,0.11625570924876275f,1.4069165895257205f,-0.27903305944016465f,0.15707456164648315f,-0.9473479476005775f,-0.08212587708019002f,0f,0f,0f,1f], start_interpolation: 0}
# It's actually faster to use an on passeners call that checks tag immediately
# than to spread it into a function that runs a bunch of tag checks on each bone.
execute on passengers if entity @s[tag=aj.armor_stand.bone.body] run data merge entity @s {transformation: [-0.9752140117576521f,-0.03233827120617824f,0.21888779656925084f,-0.025680846639406514f,-0.03155323812881599f,0.9994769813334351f,0.0070821570295051765f,1.4812163651573662f,-0.21900233888050671f,-3.96029603226052e-18f,-0.9757243337976499f,-3.1449966636343247e-18f,0f,0f,0f,1f], start_interpolation: 0}
# It's actually faster to use an on passeners call that checks tag immediately
# than to spread it into a function that runs a bunch of tag checks on each bone.
execute on passengers if entity @s[tag=aj.armor_stand.bone.right_leg2] run data merge entity @s {transformation: [-1f,1.4824725996745894e-17f,1.2156407909304452e-16f,-0.125f,0f,0.9926460362096415f,-0.1210530742991975f,0.6875f,-1.2246467991473532e-16f,-0.1210530742991975f,-0.9926460362096415f,0.019313562148434205f,0f,0f,0f,1f], start_interpolation: 0}
# It's actually faster to use an on passeners call that checks tag immediately
# than to spread it into a function that runs a bunch of tag checks on each bone.
execute on passengers if entity @s[tag=aj.armor_stand.bone.left_leg] run data merge entity @s {transformation: [-1f,-1.4824725996745894e-17f,1.2156407909304452e-16f,0.125f,0f,0.9926460362096415f,0.1210530742991975f,0.8063820645368942f,-1.2246467991473532e-16f,0.1210530742991975f,-0.9926460362096415f,-0.019313562148434205f,0f,0f,0f,1f], start_interpolation: 0}