# This file was generated by Animated Java via MC-Build. It is not recommended to edit this file directly.
# It's actually faster to use a single command like this than to spread it into a function.
execute on passengers if entity @s[tag=aj.armor_stand.bone.head] run \
	data merge entity @s {transformation: [-0.9987820251299122f,-0.03489949670250097f,0.034878236872062734f,-0.026174622526875725f,-0.03487823687206265f,0.9993908270190958f,0.0012179748700878752f,1.437043120264322f,-0.03489949670250106f,-4.273955692857142e-18f,-0.9993908270190958f,-3.2054667696428565e-18f,0f,0f,0f,1f], start_interpolation: 0}
# It's actually faster to use a single command like this than to spread it into a function.
execute on passengers if entity @s[tag=aj.armor_stand.bone.left_arm] run \
	data merge entity @s {transformation: [-0.9120928132182607f,0.34002627035311656f,0.22906076823705163f,0.46021852853113515f,0.35106571198406683f,0.936316657021267f,0.007998978287208742f,1.4540283433747834f,-0.21175355001680427f,0.08771119229760986f,-0.9733792584604485f,0.11460019546120714f,0f,0f,0f,1f], start_interpolation: 0}
# It's actually faster to use a single command like this than to spread it into a function.
execute on passengers if entity @s[tag=aj.armor_stand.bone.right_arm] run \
	data merge entity @s {transformation: [-0.9587846008096035f,0.168116785910929f,0.22906076823705165f,-0.39096948582038393f,0.17455692616644614f,0.9846145925557283f,0.00799897828720877f,1.4243042029314756f,-0.22419181246800987f,0.0476534408127706f,-0.9733792584604485f,-0.08595014659590534f,0f,0f,0f,1f], start_interpolation: 0}
# It's actually faster to use a single command like this than to spread it into a function.
execute on passengers if entity @s[tag=aj.armor_stand.bone.body] run \
	data merge entity @s {transformation: [-0.9727863021160218f,-0.03489949670250097f,0.22906076823705163f,-0.028355841070782036f,-0.03397044622092326f,0.9993908270190958f,0.007998978287208726f,1.4995050469530153f,-0.22920039092241426f,-4.273955692857142e-18f,-0.9733792584604485f,-3.472589000446428e-18f,0f,0f,0f,1f], start_interpolation: 0}
# It's actually faster to use a single command like this than to spread it into a function.
execute on passengers if entity @s[tag=aj.armor_stand.bone.right_leg2] run \
	data merge entity @s {transformation: [-1f,5.889542894199896e-33f,1.2246467991473532e-16f,-0.125f,0f,1f,-4.809176734304475e-17f,0.6875f,-1.2246467991473532e-16f,-4.809176734304475e-17f,-1f,-7.654042494670958e-18f,0f,0f,0f,1f], start_interpolation: 0}
# It's actually faster to use a single command like this than to spread it into a function.
execute on passengers if entity @s[tag=aj.armor_stand.bone.left_leg] run \
	data merge entity @s {transformation: [-1f,-5.889542894199896e-33f,1.2246467991473532e-16f,0.125f,0f,1f,4.809176734304475e-17f,0.8125f,-1.2246467991473532e-16f,4.809176734304475e-17f,-1f,7.654042494670958e-18f,0f,0f,0f,1f], start_interpolation: 0}