# This file was generated by Animated Java via MC-Build. It is not recommended to edit this file directly.
# It's actually faster to use a single command like this than to spread it into a function.
execute on passengers if entity @s[tag=aj.armor_stand.bone.head] run \
	data merge entity @s {transformation: [-0.998868126961371f,-0.032338271206178236f,0.03488124361427192f,-0.02484770212024699f,-0.03231857160511028f,0.9994769813334351f,0.0011285893893245979f,1.4554664181761263f,-0.03489949670250103f,-3.960296032260519e-18f,-0.9993908270190958f,-3.0429658867727373e-18f,0f,0f,0f,1f], start_interpolation: 0}
# It's actually faster to use a single command like this than to spread it into a function.
execute on passengers if entity @s[tag=aj.armor_stand.bone.left_arm] run \
	data merge entity @s {transformation: [-0.9133555859030495f,0.3524434570735445f,0.20387541113568775f,0.4712143098837272f,0.35333189089490985f,0.934906078404318f,-0.03327460652339467f,1.4715166006004028f,-0.20233177846380096f,0.04164413678668112f,-0.9784312021266327f,0.07181174431917237f,0f,0f,0f,1f], start_interpolation: 0}
# It's actually faster to use a single command like this than to spread it into a function.
execute on passengers if entity @s[tag=aj.armor_stand.bone.right_arm] run \
	data merge entity @s {transformation: [-0.9762051196639641f,0.16950076047277884f,0.13525182638698546f,-0.3905529565293665f,0.1564109414958593f,0.9823876090032746f,-0.1022262346817505f,1.4436339538778202f,-0.1501971428564621f,-0.07863890815607183f,-0.9855235869332486f,-0.08212587708019004f,0f,0f,0f,1f], start_interpolation: 0}
# It's actually faster to use a single command like this than to spread it into a function.
execute on passengers if entity @s[tag=aj.armor_stand.bone.body] run \
	data merge entity @s {transformation: [-0.9752140117576521f,-0.032338271206178236f,0.21888779656925086f,-0.026868844070633127f,-0.03155323812881598f,0.9994769813334351f,0.007082157029505176f,1.517933729509466f,-0.21900233888050674f,-3.960296032260519e-18f,-0.9757243337976499f,-3.29048438878902e-18f,0f,0f,0f,1f], start_interpolation: 0}
# It's actually faster to use a single command like this than to spread it into a function.
execute on passengers if entity @s[tag=aj.armor_stand.bone.right_leg2] run \
	data merge entity @s {transformation: [-1f,-1.4824725996745906e-17f,1.2156407909304452e-16f,-0.125f,0f,0.9926460362096415f,0.1210530742991976f,0.6875f,-1.2246467991473532e-16f,0.1210530742991976f,-0.9926460362096415f,-0.019313562148434247f,0f,0f,0f,1f], start_interpolation: 0}
# It's actually faster to use a single command like this than to spread it into a function.
execute on passengers if entity @s[tag=aj.armor_stand.bone.left_leg] run \
	data merge entity @s {transformation: [-1f,1.4824725996745906e-17f,1.2156407909304452e-16f,0.125f,0f,0.9926460362096415f,-0.1210530742991976f,0.8063820645368942f,-1.2246467991473532e-16f,-0.1210530742991976f,-0.9926460362096415f,0.019313562148434247f,0f,0f,0f,1f], start_interpolation: 0}
# execute on passengers run {
# 	REPEAT (frame.nodes) as node {
# 		IF (node.type === 'bone') {
# 			execute if entity @s[tag=<%TAGS.LOCAL_BONE_ENTITY(export_namespace, node.name)%>] run \
	# 				data merge entity @s {transformation: <%matrixToNbtFloatArray(node.matrix).toString()%>, start_interpolation: 0}
# 		}
# 	}
# }