# This file was generated by Animated Java via MC-Build. It is not recommended to edit this file directly.
# It's actually faster to use a single command like this than to spread it into a function.
execute on passengers if entity @s[tag=aj.armor_stand.bone.head] run \
	data merge entity @s {transformation: [-0.9993021302817818f,-0.013322677174811023f,0.03489639934418268f,-0.010387964723033289f,-0.01331456135984282f,0.9999112491980955f,0.000464954728130802f,1.4671513153131552f,-0.03489949670250109f,-1.6315573958205821e-18f,-0.9993908270190958f,-1.2721587747718338e-18f,0f,0f,0f,1f], start_interpolation: 0}
# It's actually faster to use a single command like this than to spread it into a function.
execute on passengers if entity @s[tag=aj.armor_stand.bone.left_arm] run \
	data merge entity @s {transformation: [-0.9194503632073112f,0.380169550156088f,0.10040987367814624f,0.4988787882969222f,0.37046677122084076f,0.9231382606942723f,-0.1028111037950627f,1.473936714069085f,-0.13177784722459535f,-0.05733118502587963f,-0.9896199948487195f,-0.02877547394551498f,0f,0f,0f,1f], start_interpolation: 0}
# It's actually faster to use a single command like this than to spread it into a function.
execute on passengers if entity @s[tag=aj.armor_stand.bone.right_arm] run \
	data merge entity @s {transformation: [-0.997863538944832f,0.04611345123589866f,-0.04628074393967771f,-0.3815207652675372f,0.05792855765300029f,0.9520562661644688f,-0.3003883291095263f,1.4622063939567815f,0.0302099297042982f,-0.3024275378864902f,-0.9526935207479774f,-0.05348824275270926f,0f,0f,0f,1f], start_interpolation: 0}
# It's actually faster to use a single command like this than to spread it into a function.
execute on passengers if entity @s[tag=aj.armor_stand.bone.body] run \
	data merge entity @s {transformation: [-0.9896874681186771f,-0.013322677174811023f,0.14262265500872667f,-0.011220632046458979f,-0.013186456950329833f,0.9999112491980955f,0.001900284242246054f,1.5296457683880362f,-0.1426353140072247f,-1.6315573958205821e-18f,-0.9897753114712755f,-1.3741311120106203e-18f,0f,0f,0f,1f], start_interpolation: 0}
# It's actually faster to use a single command like this than to spread it into a function.
execute on passengers if entity @s[tag=aj.armor_stand.bone.right_leg2] run \
	data merge entity @s {transformation: [-1f,-3.825584837947561e-17f,1.1633609883172613e-16f,-0.125f,0f,0.9499563377189558f,0.3123827082723837f,0.6875f,-1.2246467991473532e-16f,0.3123827082723837f,-0.9499563377189558f,-0.05056356214843422f,0f,0f,0f,1f], start_interpolation: 0}
# It's actually faster to use a single command like this than to spread it into a function.
execute on passengers if entity @s[tag=aj.armor_stand.bone.left_leg] run \
	data merge entity @s {transformation: [-1f,3.825584837947561e-17f,1.1633609883172613e-16f,0.125f,0f,0.9499563377189558f,-0.3123827082723837f,0.7609731565365592f,-1.2246467991473532e-16f,-0.3123827082723837f,-0.9499563377189558f,0.05056356214843422f,0f,0f,0f,1f], start_interpolation: 0}