# This file was generated by Animated Java via MC-Build. It is not recommended to edit this file directly.
# It's actually faster to use a single command like this than to spread it into a function.
execute on passengers if entity @s[tag=aj.armor_stand.bone.head] run \
	data merge entity @s {transformation: [-0.9993900169931563f,0.0012732001865796625f,0.034899468415772f,0.0009782866490874829f,0.0012724245874267159f,0.999999189480314f,-0.00004443404571316057f,1.4558676663565153f,-0.03489949670250111f,1.5592205331685965e-19f,-0.9993908270190958f,1.1980556134535758e-19f,0f,0f,0f,1f], start_interpolation: 0}
# It's actually faster to use a single command like this than to spread it into a function.
execute on passengers if entity @s[tag=aj.armor_stand.bone.left_arm] run \
	data merge entity @s {transformation: [-0.9201709695080357f,0.39020332033287086f,0.03204302850613077f,0.5091526348599151f,0.3838553053374341f,0.9152496498569136f,-0.12236495822375795f,1.4552206581571454f,-0.07707458361189468f,-0.10029679575140871f,-0.9919677723207813f,-0.0767551852935339f,0f,0f,0f,1f], start_interpolation: 0}
# It's actually faster to use a single command like this than to spread it into a function.
execute on passengers if entity @s[tag=aj.armor_stand.bone.right_arm] run \
	data merge entity @s {transformation: [-0.9926096510420513f,-0.023854760720135947f,-0.11898332256733392f,-0.3727141847693695f,0.02085015869036633f,0.9323820298720116f,-0.3608725831291897f,1.4563434520664824f,0.11954644093725131f,-0.36068642996754463f,-0.9249940257626014f,-0.03128434805336204f,0f,0f,0f,1f], start_interpolation: 0}
# It's actually faster to use a single command like this than to spread it into a function.
execute on passengers if entity @s[tag=aj.armor_stand.bone.body] run \
	data merge entity @s {transformation: [-0.9965132571158853f,0.0012732001865796625f,0.0834248605247522f,0.0010578616607487118f,0.0012687618932455437f,0.999999189480314f,-0.00010621663407616957f,1.518367615699035f,-0.08342492814229877f,1.5592205331685965e-19f,-0.9965140648101523f,1.295506896776613e-19f,0f,0f,0f,1f], start_interpolation: 0}
# It's actually faster to use a single command like this than to spread it into a function.
execute on passengers if entity @s[tag=aj.armor_stand.bone.right_leg2] run \
	data merge entity @s {transformation: [-1f,-4.468207404794196e-17f,1.1402241045247556e-16f,-0.12499999999999999f,0f,0.931063638363832f,0.3648568230370696f,0.6875f,-1.2246467991473532e-16f,0.3648568230370696f,-0.931063638363832f,-0.05944103226844711f,0f,0f,0f,1f], start_interpolation: 0}
# It's actually faster to use a single command like this than to spread it into a function.
execute on passengers if entity @s[tag=aj.armor_stand.bone.left_leg] run \
	data merge entity @s {transformation: [-1f,4.468207404794196e-17f,1.1402241045247556e-16f,0.12499999999999999f,0f,0.931063638363832f,-0.3648568230370696f,0.7261271242968684f,-1.2246467991473532e-16f,-0.3648568230370696f,-0.931063638363832f,0.05944103226844711f,0f,0f,0f,1f], start_interpolation: 0}