# This file was generated by Animated Java via MC-Build. It is not recommended to edit this file directly.
# It's actually faster to use a single command like this than to spread it into a function.
execute on passengers if entity @s[tag=aj.armor_stand.bone.head] run \
	data merge entity @s {transformation: [-0.9992386149554827f,0.017452406437283505f,0.034894181340113795f,0.013089304827962629f,0.01744177490283015f,0.9998476951563913f,-0.0006090802009086824f,1.4373857713672935f,-0.034899496702501094f,2.1373033680837905e-18f,-0.9993908270190958f,1.6029775260628427e-18f,0f,0f,0f,1f], start_interpolation: 0}
# It's actually faster to use a single command like this than to spread it into a function.
execute on passengers if entity @s[tag=aj.armor_stand.bone.left_arm] run \
	data merge entity @s {transformation: [-0.9169193844884284f,0.3972392974575682f,-0.03820710542267399f,0.5151182301266429f,0.3987466131739646f,0.9080939258410837f,-0.1279318581621527f,1.4286228238803618f,-0.016123921100474625f,-0.13253815452897383f,-0.9910467480206974f,-0.11625475867590707f,0f,0f,0f,1f], start_interpolation: 0}
# It's actually faster to use a single command like this than to spread it into a function.
execute on passengers if entity @s[tag=aj.armor_stand.bone.right_arm] run \
	data merge entity @s {transformation: [-0.980635902054485f,-0.05852254220012888f,-0.1868912508819523f,-0.36179647523811787f,0.017117063341302242f,0.9250417800471482f,-0.3794795268651175f,1.4439294269990124f,0.19509032201612808f,-0.37533027751786524f,-0.906127446352888f,-0.006544652413981382f,0f,0f,0f,1f], start_interpolation: 0}
# It's actually faster to use a single command like this than to spread it into a function.
execute on passengers if entity @s[tag=aj.armor_stand.bone.body] run \
	data merge entity @s {transformation: [-0.9996954135095479f,0.017452406437283505f,0.01744974835125066f,0.014180080230292848f,0.017449748351250478f,0.9998476951563913f,-0.0003045864904521358f,1.499876252314568f,-0.01745240643728369f,2.1373033680837905e-18f,-0.9998476951563913f,1.7365589865680797e-18f,0f,0f,0f,1f], start_interpolation: 0}
# It's actually faster to use a single command like this than to spread it into a function.
execute on passengers if entity @s[tag=aj.armor_stand.bone.right_leg2] run \
	data merge entity @s {transformation: [-1f,-4.6865204053262974e-17f,1.1314261122877003e-16f,-0.12499999999999999f,0f,0.9238795325112867f,0.3826834323650897f,0.6875f,-1.2246467991473532e-16f,0.3826834323650897f,-0.9238795325112867f,-0.06250000000000001f,0f,0f,0f,1f], start_interpolation: 0}
# It's actually faster to use a single command like this than to spread it into a function.
execute on passengers if entity @s[tag=aj.armor_stand.bone.left_leg] run \
	data merge entity @s {transformation: [-1f,4.6865204053262974e-17f,1.1314261122877003e-16f,0.12499999999999999f,0f,0.9238795325112867f,-0.3826834323650897f,0.6875f,-1.2246467991473532e-16f,-0.3826834323650897f,-0.9238795325112867f,0.06250000000000001f,0f,0f,0f,1f], start_interpolation: 0}