# This file was generated by Animated Java via MC-Build. It is not recommended to edit this file directly.
# It's actually faster to use a single command like this than to spread it into a function.
execute on passengers if entity @s[tag=aj.armor_stand.bone.head] run \
	data merge entity @s {transformation: [-0.9988256225751118f,0.03362704382834511f,0.03487975932839703f,0.0246026116074934f,0.033606559141817205f,0.9994344510388695f,-0.0011735669052021862f,1.41871793731185f,-0.034899496702501115f,4.11812515891706e-18f,-0.9993908270190958f,3.012950955578231e-18f,0f,0f,0f,1f], start_interpolation: 0}
# It's actually faster to use a single command like this than to spread it into a function.
execute on passengers if entity @s[tag=aj.armor_stand.bone.left_arm] run \
	data merge entity @s {transformation: [-0.9093975776269732f,0.40301505628151146f,-0.1028343824632752f,0.5179554654718668f,0.413497637724788f,0.9027040333365071f,-0.11893330817740802f,1.402118551506716f,0.044897097926403055f,-0.15067943658114882f,-0.9875626349702455f,-0.1430397400840926f,0f,0f,0f,1f], start_interpolation: 0}
# It's actually faster to use a single command like this than to spread it into a function.
execute on passengers if entity @s[tag=aj.armor_stand.bone.right_arm] run \
	data merge entity @s {transformation: [-0.9670252973595782f,-0.040952030914703286f,-0.25136627743311246f,-0.3497424968691745f,0.052134037406118244f,0.9342563657277169f,-0.3527705844326817f,1.4313131799078869f,0.2492872167006498f,-0.3542428182210608f,-0.9013145451663607f,0.018223600729238437f,0f,0f,0f,1f], start_interpolation: 0}
# It's actually faster to use a single command like this than to spread it into a function.
execute on passengers if entity @s[tag=aj.armor_stand.bone.body] run \
	data merge entity @s {transformation: [-0.9982536226044477f,0.03362704382834511f,-0.04856878504207455f,0.026704301846764967f,0.03358731358943171f,0.9994344510388695f,0.0016341488544863046f,1.4811825905017793f,0.048596268611302486f,4.11812515891706e-18f,-0.9988185033713873f,3.270333778010547e-18f,0f,0f,0f,1f], start_interpolation: 0}
# It's actually faster to use a single command like this than to spread it into a function.
execute on passengers if entity @s[tag=aj.armor_stand.bone.right_leg2] run \
	data merge entity @s {transformation: [-1f,-4.4682074047941975e-17f,1.1402241045247556e-16f,-0.12499999999999999f,0f,0.931063638363832f,0.36485682303706973f,0.7261271242968684f,-1.2246467991473532e-16f,0.36485682303706973f,-0.931063638363832f,-0.059441032268447117f,0f,0f,0f,1f], start_interpolation: 0}
# It's actually faster to use a single command like this than to spread it into a function.
execute on passengers if entity @s[tag=aj.armor_stand.bone.left_leg] run \
	data merge entity @s {transformation: [-1f,4.4682074047941975e-17f,1.1402241045247556e-16f,0.12499999999999999f,0f,0.931063638363832f,-0.36485682303706973f,0.6875f,-1.2246467991473532e-16f,-0.36485682303706973f,-0.931063638363832f,0.059441032268447117f,0f,0f,0f,1f], start_interpolation: 0}