# This file was generated by Animated Java via MC-Build. It is not recommended to edit this file directly.
# It's actually faster to use a single command like this than to spread it into a function.
execute on passengers if entity @s[tag=aj.armor_stand.bone.head] run \
	data merge entity @s {transformation: [-0.9976036328190211f,0.059777664642231366f,0.034837086505803305f,0.043056625435207885f,0.059741249704069764f,0.9982117164258898f,-0.0020862104100647615f,1.4064914198960108f,-0.03489949670250106f,7.320652566461255e-18f,-0.9993908270190957f,5.272915852131384e-18f,0f,0f,0f,1f], start_interpolation: 0}
# It's actually faster to use a single command like this than to spread it into a function.
execute on passengers if entity @s[tag=aj.armor_stand.bone.left_arm] run \
	data merge entity @s {transformation: [-0.8882216524841706f,0.418485243667909f,-0.18955842606041015f,0.5247791209539285f,0.4365599414075908f,0.8973585281613385f,-0.06452200782924457f,1.3776435860007703f,0.14310036204178542f,-0.140063459789936f,-0.979747168209831f,-0.15003181170076746f,0f,0f,0f,1f], start_interpolation: 0}
# It's actually faster to use a single command like this than to spread it into a function.
execute on passengers if entity @s[tag=aj.armor_stand.bone.right_arm] run \
	data merge entity @s {transformation: [-0.9417264048939565f,0.12596065647925886f,-0.31190590142672525f,-0.32675521514035105f,0.19221132176417616f,0.9624565232956788f,-0.19165659015870828f,1.4286375115746424f,0.27605467956760343f,-0.24043991720367247f,-0.9305817858221377f,0.05808401839989237f,0f,0f,0f,1f], start_interpolation: 0}
# It's actually faster to use a single command like this than to spread it into a function.
execute on passengers if entity @s[tag=aj.armor_stand.bone.body] run \
	data merge entity @s {transformation: [-0.9861649082014905f,0.059777664642231366f,-0.1546137272103187f,0.04679272947534734f,0.05905624447635127f,0.9982117164258898f,0.009259005261285239f,1.4688796521726288f,0.1548907157330463f,7.320652566461255e-18f,-0.9879316100721267f,5.730456637535213e-18f,0f,0f,0f,1f], start_interpolation: 0}
# It's actually faster to use a single command like this than to spread it into a function.
execute on passengers if entity @s[tag=aj.armor_stand.bone.right_leg2] run \
	data merge entity @s {transformation: [-1f,-2.8017286959769044e-17f,1.192167331293411e-16f,-0.125f,0f,0.9734785018206427f,0.22877850968357383f,0.7886271242968684f,-1.2246467991473532e-16f,0.22877850968357383f,-0.9734785018206427f,-0.0367365782682796f,0f,0f,0f,1f], start_interpolation: 0}
# It's actually faster to use a single command like this than to spread it into a function.
execute on passengers if entity @s[tag=aj.armor_stand.bone.left_leg] run \
	data merge entity @s {transformation: [-1f,2.8017286959769044e-17f,1.192167331293411e-16f,0.125f,0f,0.9734785018206427f,-0.22877850968357383f,0.6875f,-1.2246467991473532e-16f,-0.22877850968357383f,-0.9734785018206427f,0.0367365782682796f,0f,0f,0f,1f], start_interpolation: 0}
# execute on passengers run {
# 	REPEAT (frame.nodes) as node {
# 		IF (node.type === 'bone') {
# 			execute if entity @s[tag=<%TAGS.LOCAL_BONE_ENTITY(export_namespace, node.name)%>] run \
	# 				data merge entity @s {transformation: <%matrixToNbtFloatArray(node.matrix).toString()%>, start_interpolation: 0}
# 		}
# 	}
# }