# This file was generated by Animated Java via MC-Build. It is not recommended to edit this file directly.
# It's actually faster to use a single command like this than to spread it into a function.
execute on passengers if entity @s[tag=aj.armor_stand.bone.head] run \
	data merge entity @s {transformation: [-0.9982287109339809f,0.04821096070402538f,0.034858914714570075f,0.034725365892568624f,0.04818159188938105f,0.9988371755536509f,-0.001682538264114534f,1.4069419252737336f,-0.03489949670250103f,5.90413987100035e-18f,-0.9993908270190957f,4.252630818955484e-18f,0f,0f,0f,1f], start_interpolation: 0}
# It's actually faster to use a single command like this than to spread it into a function.
execute on passengers if entity @s[tag=aj.armor_stand.bone.left_arm] run \
	data merge entity @s {transformation: [-0.8989575234272947f,0.4096776073813288f,-0.15504718341129067f,0.520312877047696f,0.42651900492739303f,0.8992862162106383f,-0.09677726886671127f,1.3835040306982849f,0.09978431494584257f,-0.1531292243298549f,-0.9831553952183377f,-0.15453843980250798f,0f,0f,0f,1f], start_interpolation: 0}
# It's actually faster to use a single command like this than to spread it into a function.
execute on passengers if entity @s[tag=aj.armor_stand.bone.right_arm] run \
	data merge entity @s {transformation: [-0.953616400057274f,0.02761866005223261f,-0.299754851768448f,-0.33764747618137436f,0.11732882585777606f,0.9511318930656392f,-0.28562574921776435f,1.4249152775836555f,0.27721779914832434f,-0.30754728353586985f,-0.9102554368006085f,0.040502161578337414f,0f,0f,0f,1f], start_interpolation: 0}
# It's actually faster to use a single command like this than to spread it into a function.
execute on passengers if entity @s[tag=aj.armor_stand.bone.body] run \
	data merge entity @s {transformation: [-0.9929942455305145f,0.04821096070402538f,-0.10788017246593103f,0.03773855093657021f,0.047928939493125156f,0.9988371755536509f,0.0052070616540835024f,1.4693692487458367f,0.10800576420889975f,5.90413987100035e-18f,-0.9941502677652164f,4.621639560893006e-18f,0f,0f,0f,1f], start_interpolation: 0}
# It's actually faster to use a single command like this than to spread it into a function.
execute on passengers if entity @s[tag=aj.armor_stand.bone.right_leg2] run \
	data merge entity @s {transformation: [-1f,-3.825584837947563e-17f,1.163360988317261e-16f,-0.125f,0f,0.9499563377189557f,0.31238270827238385f,0.7609731565365592f,-1.2246467991473532e-16f,0.31238270827238385f,-0.9499563377189557f,-0.050563562148434237f,0f,0f,0f,1f], start_interpolation: 0}
# It's actually faster to use a single command like this than to spread it into a function.
execute on passengers if entity @s[tag=aj.armor_stand.bone.left_leg] run \
	data merge entity @s {transformation: [-1f,3.825584837947563e-17f,1.163360988317261e-16f,0.125f,0f,0.9499563377189557f,-0.31238270827238385f,0.6875f,-1.2246467991473532e-16f,-0.31238270827238385f,-0.9499563377189557f,0.050563562148434237f,0f,0f,0f,1f], start_interpolation: 0}