# This file was generated by Animated Java via MC-Build. It is not recommended to edit this file directly.
# It's actually faster to use a single command like this than to spread it into a function.
execute on passengers if entity @s[tag=aj.armor_stand.bone.head] run \
	data merge entity @s {transformation: [-0.9971317416037775f,0.06719981521938213f,0.03482060770145054f,0.049165515778826226f,0.06715887890762873f,0.9977395375720464f,-0.0023452397296574983f,1.4174778848723486f,-0.03489949670250106f,8.229603861170992e-18f,-0.9993908270190958f,6.021039152696822e-18f,0f,0f,0f,1f], start_interpolation: 0}
# It's actually faster to use a single command like this than to spread it into a function.
execute on passengers if entity @s[tag=aj.armor_stand.bone.left_arm] run \
	data merge entity @s {transformation: [-0.8801952043838607f,0.428964562132422f,-0.20309063645129719f,0.5323184671393115f,0.44283339570951596f,0.8962192235452121f,-0.026261892399379157f,1.3849365373247384f,0.17074831133581603f,-0.11305090792451322f,-0.978807696329269f,-0.13037001581224045f,0f,0f,0f,1f], start_interpolation: 0}
# It's actually faster to use a single command like this than to spread it into a function.
execute on passengers if entity @s[tag=aj.armor_stand.bone.right_arm] run \
	data merge entity @s {transformation: [-0.9361074328772429f,0.21893222566257076f,-0.2752663340810338f,-0.3185412962759342f,0.2513723859149817f,0.9638590023346711f,-0.08824821368062943f,1.4422436968848886f,0.24599755631182116f,-0.1518041639245963f,-0.957309092249607f,0.06930624015111923f,0f,0f,0f,1f], start_interpolation: 0}
# It's actually faster to use a single command like this than to spread it into a function.
execute on passengers if entity @s[tag=aj.armor_stand.bone.body] run \
	data merge entity @s {transformation: [-0.9805514988126944f,0.06719981521938213f,-0.18439886933129307f,0.05336550423003761f,0.06604216536677356f,0.9977395375720464f,0.012419644084547569f,1.4798366059706014f,0.18481664040298462f,8.229603861170992e-18f,-0.9827730203002898f,6.535389394020009e-18f,0f,0f,0f,1f], start_interpolation: 0}
# It's actually faster to use a single command like this than to spread it into a function.
execute on passengers if entity @s[tag=aj.armor_stand.bone.right_leg2] run \
	data merge entity @s {transformation: [-1f,-1.4824725996745903e-17f,1.2156407909304452e-16f,-0.125f,0f,0.9926460362096415f,0.12105307429919757f,0.8063820645368942f,-1.2246467991473532e-16f,0.12105307429919757f,-0.9926460362096415f,-0.019313562148434243f,0f,0f,0f,1f], start_interpolation: 0}
# It's actually faster to use a single command like this than to spread it into a function.
execute on passengers if entity @s[tag=aj.armor_stand.bone.left_leg] run \
	data merge entity @s {transformation: [-1f,1.4824725996745903e-17f,1.2156407909304452e-16f,0.125f,0f,0.9926460362096415f,-0.12105307429919757f,0.6875f,-1.2246467991473532e-16f,-0.12105307429919757f,-0.9926460362096415f,0.019313562148434243f,0f,0f,0f,1f], start_interpolation: 0}