# This file was generated by Animated Java via MC-Build. It is not recommended to edit this file directly.
# It's actually faster to use an on passeners call that checks tag immediately
# than to spread it into a function that runs a bunch of tag checks on each bone.
execute on passengers if entity @s[tag=aj.armor_stand.bone.head] run data merge entity @s {transformation: [-0.9969563611936845f,0.0697564737441253f,0.03481448328257633f,0.05231735530809398f,0.06971397998507721f,0.9975640502598242f,-0.0024344658254111945f,1.435673037694868f,-0.03489949670250106f,8.542704229054943e-18f,-0.9993908270190957f,6.407028171791208e-18f,0f,0f,0f,1f], start_interpolation: 0}
# It's actually faster to use an on passeners call that checks tag immediately
# than to spread it into a function that runs a bunch of tag checks on each bone.
execute on passengers if entity @s[tag=aj.armor_stand.bone.left_arm] run data merge entity @s {transformation: [-0.8772255186332912f,0.4388625701782238f,-0.1946150917969022f,0.541515423685226f,0.4449594901777969f,0.8954472917550619f,0.01360881292545097f,1.4014649763643319f,0.18023995550173688f,-0.07465783405034257f,-0.9807852804032304f,-0.0975451610080641f,0f,0f,0f,1f], start_interpolation: 0}
# It's actually faster to use an on passeners call that checks tag immediately
# than to spread it into a function that runs a bunch of tag checks on each bone.
execute on passengers if entity @s[tag=aj.armor_stand.bone.right_arm] run data merge entity @s {transformation: [-0.942512647331782f,0.27165212251060955f,-0.19461509179690226f,-0.31458119597475503f,0.2743262946209701f,0.9615403705982858f,0.013608812925450924f,1.4613290836927704f,0.19082713040646138f,-0.04056155871255443f,-0.9807852804032304f,0.07315887075604807f,0f,0f,0f,1f], start_interpolation: 0}
# It's actually faster to use an on passeners call that checks tag immediately
# than to spread it into a function that runs a bunch of tag checks on each bone.
execute on passengers if entity @s[tag=aj.armor_stand.bone.body] run data merge entity @s {transformation: [-0.978396136754264f,0.0697564737441253f,-0.19461509179690217f,0.05667713491710181f,0.06841612266107251f,0.9975640502598242f,0.013608812925451002f,1.4980207908361072f,0.19509032201612816f,8.542704229054943e-18f,-0.9807852804032304f,6.940947186107142e-18f,0f,0f,0f,1f], start_interpolation: 0}
# It's actually faster to use an on passeners call that checks tag immediately
# than to spread it into a function that runs a bunch of tag checks on each bone.
execute on passengers if entity @s[tag=aj.armor_stand.bone.right_leg2] run data merge entity @s {transformation: [-1f,-1.1779085788399792e-32f,1.2246467991473532e-16f,-0.125f,0f,1f,9.61835346860895e-17f,0.8125f,-1.2246467991473532e-16f,9.61835346860895e-17f,-1f,-3.061616997868383e-17f,0f,0f,0f,1f], start_interpolation: 0}
# It's actually faster to use an on passeners call that checks tag immediately
# than to spread it into a function that runs a bunch of tag checks on each bone.
execute on passengers if entity @s[tag=aj.armor_stand.bone.left_leg] run data merge entity @s {transformation: [-1f,1.1779085788399792e-32f,1.2246467991473532e-16f,0.125f,0f,1f,-9.61835346860895e-17f,0.6875f,-1.2246467991473532e-16f,-9.61835346860895e-17f,-1f,3.061616997868383e-17f,0f,0f,0f,1f], start_interpolation: 0}