# This file was generated by Animated Java via MC-Build. It is not recommended to edit this file directly.
# It's actually faster to use a single command like this than to spread it into a function.
execute on passengers if entity @s[tag=aj.armor_stand.bone.head] run \
	data merge entity @s {transformation: [-0.9976036328190211f,0.05977766464223137f,0.03483708650580325f,0.046609871528139175f,0.05974124970406977f,0.9982117164258898f,-0.0020862104100647597f,1.465826154742824f,-0.034899496702501004f,7.320652566461256e-18f,-0.9993908270190958f,5.708062997560499e-18f,0f,0f,0f,1f], start_interpolation: 0}
# It's actually faster to use a single command like this than to spread it into a function.
execute on passengers if entity @s[tag=aj.armor_stand.bone.left_arm] run \
	data merge entity @s {transformation: [-0.8882216524841706f,0.4438351548140023f,-0.11862820663535202f,0.5510522842109091f,0.4365599414075908f,0.8958404549287109f,0.08297768899723207f,1.435617744161713f,0.1431003620417855f,0.021914257102422223f,-0.9894655384191805f,-0.004858904032278907f,0f,0f,0f,1f], start_interpolation: 0}
# It's actually faster to use a single command like this than to spread it into a function.
execute on passengers if entity @s[tag=aj.armor_stand.bone.right_arm] run \
	data merge entity @s {transformation: [-0.9804848592892997f,0.1961473532258935f,0.013253547710656954f,-0.32320196904741977f,0.19453236233179416f,0.958253410116955f,0.20954131336048964f,1.4879722464214555f,0.02840071671725275f,0.20803032909098595f,-0.977709967970176f,0.058084018399892405f,0f,0f,0f,1f], start_interpolation: 0}
# It's actually faster to use a single command like this than to spread it into a function.
execute on passengers if entity @s[tag=aj.armor_stand.bone.body] run \
	data merge entity @s {transformation: [-0.9861649082014905f,0.05977766464223137f,-0.1546137272103188f,0.050345975568278634f,0.05905624447635128f,0.9982117164258898f,0.009259005261285244f,1.528214387019442f,0.15489071573304639f,7.320652566461256e-18f,-0.9879316100721267f,6.165603782964328e-18f,0f,0f,0f,1f], start_interpolation: 0}
# It's actually faster to use a single command like this than to spread it into a function.
execute on passengers if entity @s[tag=aj.armor_stand.bone.right_leg2] run \
	data merge entity @s {transformation: [-1f,2.801728695976903e-17f,1.192167331293411e-16f,-0.125f,0f,0.9734785018206427f,-0.22877850968357372f,0.7886271242968684f,-1.2246467991473532e-16f,-0.22877850968357372f,-0.9734785018206427f,0.03673657826827956f,0f,0f,0f,1f], start_interpolation: 0}
# It's actually faster to use a single command like this than to spread it into a function.
execute on passengers if entity @s[tag=aj.armor_stand.bone.left_leg] run \
	data merge entity @s {transformation: [-1f,-2.801728695976903e-17f,1.192167331293411e-16f,0.125f,0f,0.9734785018206427f,0.22877850968357372f,0.6875f,-1.2246467991473532e-16f,0.22877850968357372f,-0.9734785018206427f,-0.03673657826827956f,0f,0f,0f,1f], start_interpolation: 0}