# This file was generated by Animated Java via MC-Build. It is not recommended to edit this file directly.
# It's actually faster to use a single command like this than to spread it into a function.
execute on passengers if entity @s[tag=aj.armor_stand.bone.head] run \
	data merge entity @s {transformation: [-0.9982287109339809f,0.04821096070402538f,0.034858914714570116f,0.037591075163469434f,0.04818159188938105f,0.9988371755536509f,-0.0016825382641145366f,1.4663138380567429f,-0.03489949670250107f,5.90413987100035e-18f,-0.9993908270190957f,4.603578987545041e-18f,0f,0f,0f,1f], start_interpolation: 0}
# It's actually faster to use a single command like this than to spread it into a function.
execute on passengers if entity @s[tag=aj.armor_stand.bone.left_arm] run \
	data merge entity @s {transformation: [-0.8989575234272947f,0.4339981150161601f,-0.05933807576829992f,0.5449978095388565f,0.42651900492739303f,0.8981123361563292f,0.10712502079144363f,1.4418227931390664f,0.0997843149458426f,0.0709920263567721f,-0.9924732856276527f,0.04653267559360819f,0f,0f,0f,1f], start_interpolation: 0}
# It's actually faster to use a single command like this than to spread it into a function.
execute on passengers if entity @s[tag=aj.armor_stand.bone.right_arm] run \
	data merge entity @s {transformation: [-0.9907506776544264f,0.09401271622978688f,0.09785041601542771f,-0.3347817669104735f,0.11912118925976535f,0.9479272453896226f,0.2953710881541748f,1.4842871903666648f,-0.0649864370206112f,0.3042951636735945f,-0.9503584672996955f,0.04050216157833743f,0f,0f,0f,1f], start_interpolation: 0}
# It's actually faster to use a single command like this than to spread it into a function.
execute on passengers if entity @s[tag=aj.armor_stand.bone.body] run \
	data merge entity @s {transformation: [-0.9929942455305145f,0.04821096070402538f,-0.10788017246593107f,0.04060426020747102f,0.047928939493125156f,0.9988371755536509f,0.005207061654083504f,1.528741161528846f,0.10800576420889979f,5.90413987100035e-18f,-0.9941502677652164f,4.972587729482563e-18f,0f,0f,0f,1f], start_interpolation: 0}
# It's actually faster to use a single command like this than to spread it into a function.
execute on passengers if entity @s[tag=aj.armor_stand.bone.right_leg2] run \
	data merge entity @s {transformation: [-1f,3.825584837947562e-17f,1.163360988317261e-16f,-0.125f,0f,0.9499563377189557f,-0.3123827082723838f,0.7609731565365592f,-1.2246467991473532e-16f,-0.3123827082723838f,-0.9499563377189557f,0.0505635621484342f,0f,0f,0f,1f], start_interpolation: 0}
# It's actually faster to use a single command like this than to spread it into a function.
execute on passengers if entity @s[tag=aj.armor_stand.bone.left_leg] run \
	data merge entity @s {transformation: [-1f,-3.825584837947562e-17f,1.163360988317261e-16f,0.125f,0f,0.9499563377189557f,0.3123827082723838f,0.6875f,-1.2246467991473532e-16f,0.3123827082723838f,-0.9499563377189557f,-0.0505635621484342f,0f,0f,0f,1f], start_interpolation: 0}