# This file was generated by Animated Java via MC-Build. It is not recommended to edit this file directly.
# It's actually faster to use an on passeners call that checks tag immediately
# than to spread it into a function that runs a bunch of tag checks on each bone.
execute on passengers if entity @s[tag=aj.armor_stand.bone.head] run data merge entity @s {transformation: [-0.9988256225751118f,0.03362704382834512f,0.03487975932839701f,0.02583795413502427f,0.03360655914181721f,0.9994344510388695f,-0.001173566905202186f,1.4554337392464542f,-0.034899496702501094f,4.118125158917061e-18f,-0.9993908270190958f,3.1642367827973592e-18f,0f,0f,0f,1f], start_interpolation: 0}
# It's actually faster to use an on passeners call that checks tag immediately
# than to spread it into a function that runs a bunch of tag checks on each bone.
execute on passengers if entity @s[tag=aj.armor_stand.bone.left_arm] run data merge entity @s {transformation: [-0.9093975776269732f,0.41587632413435394f,0.006552009668093051f,0.5307387228750986f,0.413497637724788f,0.9022713021880799f,0.12217283185653997f,1.4384458114621566f,0.04489709792640313f,0.11381291786227143f,-0.9924872141873984f,0.09444347147279006f,0f,0f,0f,1f], start_interpolation: 0}
# It's actually faster to use an on passeners call that checks tag immediately
# than to spread it into a function that runs a bunch of tag checks on each bone.
execute on passengers if entity @s[tag=aj.armor_stand.bone.right_arm] run data merge entity @s {transformation: [-0.9866412821698068f,-0.006240892992221032f,0.16278830293660293f,-0.34850715434164364f,0.05279403824985954f,0.9330884722705345f,0.35575088536940036f,1.4680289818424912f,-0.15411609209810612f,0.35959276156577386f,-0.920294124715522f,0.018223600729238464f,0f,0f,0f,1f], start_interpolation: 0}
# It's actually faster to use an on passeners call that checks tag immediately
# than to spread it into a function that runs a bunch of tag checks on each bone.
execute on passengers if entity @s[tag=aj.armor_stand.bone.body] run data merge entity @s {transformation: [-0.9982536226044477f,0.03362704382834512f,-0.048568785042074625f,0.02793964437429584f,0.03358731358943172f,0.9994344510388695f,0.0016341488544863076f,1.5178983924363836f,0.04859626861130256f,4.118125158917061e-18f,-0.9988185033713873f,3.4216196052296757e-18f,0f,0f,0f,1f], start_interpolation: 0}
# It's actually faster to use an on passeners call that checks tag immediately
# than to spread it into a function that runs a bunch of tag checks on each bone.
execute on passengers if entity @s[tag=aj.armor_stand.bone.right_leg2] run data merge entity @s {transformation: [-1f,4.468207404794196e-17f,1.1402241045247556e-16f,-0.125f,0f,0.931063638363832f,-0.3648568230370696f,0.7261271242968684f,-1.2246467991473532e-16f,-0.3648568230370696f,-0.931063638363832f,0.05944103226844708f,0f,0f,0f,1f], start_interpolation: 0}
# It's actually faster to use an on passeners call that checks tag immediately
# than to spread it into a function that runs a bunch of tag checks on each bone.
execute on passengers if entity @s[tag=aj.armor_stand.bone.left_leg] run data merge entity @s {transformation: [-1f,-4.468207404794196e-17f,1.1402241045247556e-16f,0.125f,0f,0.931063638363832f,0.3648568230370696f,0.6875f,-1.2246467991473532e-16f,0.3648568230370696f,-0.931063638363832f,-0.05944103226844708f,0f,0f,0f,1f], start_interpolation: 0}