# This file was generated by Animated Java via MC-Build. It is not recommended to edit this file directly.
# It's actually faster to use a single command like this than to spread it into a function.
execute on passengers if entity @s[tag=aj.armor_stand.bone.head] run \
	data merge entity @s {transformation: [-0.9992386149554827f,0.01745240643728351f,0.034894181340113795f,0.013089304827962634f,0.017441774902830158f,0.9998476951563913f,-0.0006090802009086826f,1.4373857713672935f,-0.03489949670250109f,2.1373033680837913e-18f,-0.9993908270190958f,1.6029775260628435e-18f,0f,0f,0f,1f], start_interpolation: 0}
# It's actually faster to use a single command like this than to spread it into a function.
execute on passengers if entity @s[tag=aj.armor_stand.bone.left_arm] run \
	data merge entity @s {transformation: [-0.9169193844884284f,0.3923822262795355f,0.07276696262231269f,0.5107557930388302f,0.3987466131739646f,0.9081787063338572f,0.1273286136108231f,1.4286989705029747f,-0.016123921100474548f,0.14576565391640448f,-0.9891877442157625f,0.13370716511319072f,0f,0f,0f,1f], start_interpolation: 0}
# It's actually faster to use a single command like this than to spread it into a function.
execute on passengers if entity @s[tag=aj.armor_stand.bone.right_arm] run \
	data merge entity @s {transformation: [-0.9732310080847167f,-0.07157391235770977f,0.21840004572393557f,-0.3617964752381178f,0.016987810436273378f,0.9252695925606509f,0.3789295388053408f,1.4439294269990124f,-0.22920039092241423f,0.3724961156206303f,-0.8992851742626221f,-0.006544652413981351f,0f,0f,0f,1f], start_interpolation: 0}
# It's actually faster to use a single command like this than to spread it into a function.
execute on passengers if entity @s[tag=aj.armor_stand.bone.body] run \
	data merge entity @s {transformation: [-0.9996954135095479f,0.01745240643728351f,0.01744974835125058f,0.014180080230292854f,0.017449748351250485f,0.9998476951563913f,-0.00030458649045213444f,1.499876252314568f,-0.017452406437283605f,2.1373033680837913e-18f,-0.9998476951563913f,1.7365589865680804e-18f,0f,0f,0f,1f], start_interpolation: 0}
# It's actually faster to use a single command like this than to spread it into a function.
execute on passengers if entity @s[tag=aj.armor_stand.bone.right_leg2] run \
	data merge entity @s {transformation: [-1f,4.6865204053262974e-17f,1.1314261122877003e-16f,-0.125f,0f,0.9238795325112867f,-0.3826834323650897f,0.6875f,-1.2246467991473532e-16f,-0.3826834323650897f,-0.9238795325112867f,0.062499999999999986f,0f,0f,0f,1f], start_interpolation: 0}
# It's actually faster to use a single command like this than to spread it into a function.
execute on passengers if entity @s[tag=aj.armor_stand.bone.left_leg] run \
	data merge entity @s {transformation: [-1f,-4.6865204053262974e-17f,1.1314261122877003e-16f,0.125f,0f,0.9238795325112867f,0.3826834323650897f,0.6875f,-1.2246467991473532e-16f,0.3826834323650897f,-0.9238795325112867f,-0.062499999999999986f,0f,0f,0f,1f], start_interpolation: 0}