# This file was generated by Animated Java via MC-Build. It is not recommended to edit this file directly.
# It's actually faster to use an on passeners call that checks tag immediately
# than to spread it into a function that runs a bunch of tag checks on each bone.
execute on passengers if entity @s[tag=aj.armor_stand.bone.head] run data merge entity @s {transformation: [-0.9993900169931563f,0.0012732001865796935f,0.034899468415771996f,0.0009315136307820336f,0.0012724245874267469f,0.999999189480314f,-0.00004443404571316164f,1.4191311178639556f,-0.03489949670250111f,1.5592205331686345e-19f,-0.9993908270190958f,1.1407751862993468e-19f,0f,0f,0f,1f], start_interpolation: 0}
# It's actually faster to use an on passeners call that checks tag immediately
# than to spread it into a function that runs a bunch of tag checks on each bone.
execute on passengers if entity @s[tag=aj.armor_stand.bone.left_arm] run data merge entity @s {transformation: [-0.9201709695080357f,0.36811198171146253f,0.13333775082511945f,0.48927042253583974f,0.3838553053374341f,0.9152777765761655f,0.12215439521399123f,1.41850936417008f,-0.07707458361189459f,0.163585331329709f,-0.9835137761794709f,0.16018011343583263f,0f,0f,0f,1f], start_interpolation: 0}
# It's actually faster to use an on passeners call that checks tag immediately
# than to spread it into a function that runs a bunch of tag checks on each bone.
execute on passengers if entity @s[tag=aj.armor_stand.bone.right_arm] run data merge entity @s {transformation: [-0.9589159773083696f,-0.08347683768438241f,0.27113053319932384f,-0.372760957787675f,0.0208072598639117f,0.932457940773054f,0.3606788691152165f,1.4196069035739227f,-0.28292615008105915f,0.3515022137334147f,-0.8924118933210263f,-0.031284348053362006f,0f,0f,0f,1f], start_interpolation: 0}
# It's actually faster to use an on passeners call that checks tag immediately
# than to spread it into a function that runs a bunch of tag checks on each bone.
execute on passengers if entity @s[tag=aj.armor_stand.bone.body] run data merge entity @s {transformation: [-0.9965132571158853f,0.0012732001865796935f,0.08342486052475212f,0.0010110886424432644f,0.0012687618932455747f,0.999999189480314f,-0.00010621663407617205f,1.4816310672064752f,-0.08342492814229868f,1.5592205331686345e-19f,-0.9965140648101523f,1.2382264696223865e-19f,0f,0f,0f,1f], start_interpolation: 0}
# It's actually faster to use an on passeners call that checks tag immediately
# than to spread it into a function that runs a bunch of tag checks on each bone.
execute on passengers if entity @s[tag=aj.armor_stand.bone.right_leg2] run data merge entity @s {transformation: [-1f,4.4682074047941975e-17f,1.1402241045247556e-16f,-0.125f,0f,0.931063638363832f,-0.36485682303706973f,0.6875f,-1.2246467991473532e-16f,-0.36485682303706973f,-0.931063638363832f,0.05944103226844709f,0f,0f,0f,1f], start_interpolation: 0}
# It's actually faster to use an on passeners call that checks tag immediately
# than to spread it into a function that runs a bunch of tag checks on each bone.
execute on passengers if entity @s[tag=aj.armor_stand.bone.left_leg] run data merge entity @s {transformation: [-1f,-4.4682074047941975e-17f,1.1402241045247556e-16f,0.125f,0f,0.931063638363832f,0.36485682303706973f,0.7261271242968684f,-1.2246467991473532e-16f,0.36485682303706973f,-0.931063638363832f,-0.05944103226844709f,0f,0f,0f,1f], start_interpolation: 0}