# This file was generated by Animated Java via MC-Build. It is not recommended to edit this file directly.
# It's actually faster to use an on passeners call that checks tag immediately
# than to spread it into a function that runs a bunch of tag checks on each bone.
execute on passengers if entity @s[tag=aj.armor_stand.bone.head] run data merge entity @s {transformation: [-0.9993021302817818f,-0.013322677174811007f,0.03489639934418266f,-0.009596051039183233f,-0.013314561359842802f,0.9999112491980955f,0.0004649547281308014f,1.407715558483988f,-0.03489949670250107f,-1.6315573958205802e-18f,-0.9993908270190957f,-1.1751773189590378e-18f,0f,0f,0f,1f], start_interpolation: 0}
# It's actually faster to use an on passeners call that checks tag immediately
# than to spread it into a function that runs a bunch of tag checks on each bone.
execute on passengers if entity @s[tag=aj.armor_stand.bone.left_arm] run data merge entity @s {transformation: [-0.9194503632073112f,0.34801669675631197f,0.18301750838859326f,0.47082466405953843f,0.37046677122084076f,0.9227098605873251f,0.10658745046263472f,1.4141166166783878f,-0.13177784722459526f,0.16580377545081607f,-0.9773145384302367f,0.17141078795273967f,0f,0f,0f,1f], start_interpolation: 0}
# It's actually faster to use an on passeners call that checks tag immediately
# than to spread it into a function that runs a bunch of tag checks on each bone.
execute on passengers if entity @s[tag=aj.armor_stand.bone.right_arm] run data merge entity @s {transformation: [-0.9487702798066942f,-0.0416626094839873f,0.31320789122643755f,-0.3807288515836872f,0.05858266934889456f,0.9508867502483457f,0.30394482896423525f,1.4027706371276143f,-0.31048836855425876f,0.30672237475137815f,-0.8997323812219886f,-0.053488242752709234f,0f,0f,0f,1f], start_interpolation: 0}
# It's actually faster to use an on passeners call that checks tag immediately
# than to spread it into a function that runs a bunch of tag checks on each bone.
execute on passengers if entity @s[tag=aj.armor_stand.bone.body] run data merge entity @s {transformation: [-0.9896874681186771f,-0.013322677174811007f,0.1426226550087266f,-0.01042871836260892f,-0.013186456950329817f,0.9999112491980955f,0.0019002842422460508f,1.470210011558869f,-0.14263531400722462f,-1.6315573958205802e-18f,-0.9897753114712755f,-1.277149656197824e-18f,0f,0f,0f,1f], start_interpolation: 0}
# It's actually faster to use an on passeners call that checks tag immediately
# than to spread it into a function that runs a bunch of tag checks on each bone.
execute on passengers if entity @s[tag=aj.armor_stand.bone.right_leg2] run data merge entity @s {transformation: [-1f,3.825584837947562e-17f,1.163360988317261e-16f,-0.125f,0f,0.9499563377189557f,-0.3123827082723838f,0.6875f,-1.2246467991473532e-16f,-0.3123827082723838f,-0.9499563377189557f,0.0505635621484342f,0f,0f,0f,1f], start_interpolation: 0}
# It's actually faster to use an on passeners call that checks tag immediately
# than to spread it into a function that runs a bunch of tag checks on each bone.
execute on passengers if entity @s[tag=aj.armor_stand.bone.left_leg] run data merge entity @s {transformation: [-1f,-3.825584837947562e-17f,1.163360988317261e-16f,0.125f,0f,0.9499563377189557f,0.3123827082723838f,0.7609731565365592f,-1.2246467991473532e-16f,0.3123827082723838f,-0.9499563377189557f,-0.0505635621484342f,0f,0f,0f,1f], start_interpolation: 0}