# This file was generated by Animated Java via MC-Build. It is not recommended to edit this file directly.
# It's actually faster to use a single command like this than to spread it into a function.
execute on passengers if entity @s[tag=aj.armor_stand.bone.head] run \
	data merge entity @s {transformation: [-0.9990808591873064f,-0.024904163198266598f,0.03488867238729723f,-0.017937957814556527f,-0.02488899225493418f,0.9996898432290858f,0.0008691427614164497f,1.407556084306905f,-0.034899496702501004f,-3.04988037462005e-18f,-0.9993908270190958f,-2.19676626208369e-18f,0f,0f,0f,1f], start_interpolation: 0}
# It's actually faster to use a single command like this than to spread it into a function.
execute on passengers if entity @s[tag=aj.armor_stand.bone.left_arm] run \
	data merge entity @s {transformation: [-0.9164286958649848f,0.3359425905571348f,0.2174879795413182f,0.45896956266800965f,0.3599721903758794f,0.9294245036023718f,0.08117951871917187f,1.4194367518969795f,-0.17486699960597243f,0.15268486484667054f,-0.9726812759046813f,0.16678240727436044f,0f,0f,0f,1f], start_interpolation: 0}
# It's actually faster to use a single command like this than to spread it into a function.
execute on passengers if entity @s[tag=aj.armor_stand.bone.right_arm] run \
	data merge entity @s {transformation: [-0.9444028433257373f,0.035636853204646345f,0.326853612817624f,-0.3860453192040997f,0.11208859069847835f,0.9694532004676969f,0.21816654174774022f,1.3983858342892426f,-0.3090945120080454f,0.24267366317054262f,-0.9195488436455664f,-0.07097800367326414f,0f,0f,0f,1f], start_interpolation: 0}
# It's actually faster to use a single command like this than to spread it into a function.
execute on passengers if entity @s[tag=aj.armor_stand.bone.body] run \
	data merge entity @s {transformation: [-0.981619630372115f,-0.024904163198266598f,0.1892159716395704f,-0.01949446801444819f,-0.024454000047099828f,0.9996898432290858f,0.004713727431909693f,1.4700366995087228f,-0.1892746764620377f,-3.04988037462005e-18f,-0.9819241808053161f,-2.3873837854974434e-18f,0f,0f,0f,1f], start_interpolation: 0}
# It's actually faster to use a single command like this than to spread it into a function.
execute on passengers if entity @s[tag=aj.armor_stand.bone.right_leg2] run \
	data merge entity @s {transformation: [-1f,2.801728695976904e-17f,1.192167331293411e-16f,-0.125f,0f,0.9734785018206427f,-0.22877850968357377f,0.6875f,-1.2246467991473532e-16f,-0.22877850968357377f,-0.9734785018206427f,0.036736578268279564f,0f,0f,0f,1f], start_interpolation: 0}
# It's actually faster to use a single command like this than to spread it into a function.
execute on passengers if entity @s[tag=aj.armor_stand.bone.left_leg] run \
	data merge entity @s {transformation: [-1f,-2.801728695976904e-17f,1.192167331293411e-16f,0.125f,0f,0.9734785018206427f,0.22877850968357377f,0.7886271242968684f,-1.2246467991473532e-16f,0.22877850968357377f,-0.9734785018206427f,-0.036736578268279564f,0f,0f,0f,1f], start_interpolation: 0}
# execute on passengers run {
# 	REPEAT (frame.nodes) as node {
# 		IF (node.type === 'bone') {
# 			execute if entity @s[tag=<%TAGS.LOCAL_BONE_ENTITY(export_namespace, node.name)%>] run \
	# 				data merge entity @s {transformation: <%matrixToNbtFloatArray(node.matrix).toString()%>, start_interpolation: 0}
# 		}
# 	}
# }