# This file was generated by Animated Java via MC-Build. It is not recommended to edit this file directly.
# It's actually faster to use an on passeners call that checks tag immediately
# than to spread it into a function that runs a bunch of tag checks on each bone.
execute on passengers if entity @s[tag=aj.armor_stand.bone.baseplate_pivot_a] run data merge entity @s {transformation: [-1f,0f,1.2246467991473532e-16f,4.592425496802574e-17f,0f,1f,0f,0.0625f,-1.2246467991473532e-16f,0f,-1f,-0.375f,0f,0f,0f,1f], start_interpolation: 0}
# It's actually faster to use an on passeners call that checks tag immediately
# than to spread it into a function that runs a bunch of tag checks on each bone.
execute on passengers if entity @s[tag=aj.armor_stand.bone.head] run data merge entity @s {transformation: [-1f,-1.598484835071783e-17f,1.214169776012528e-16f,-5.842922617193465e-18f,0f,0.9914448613738103f,0.13052619222005157f,0.9255905963641743f,-1.2246467991473532e-16f,0.13052619222005157f,-0.9914448613738103f,0.047711083891792586f,0f,0f,0f,1f], start_interpolation: 0}
# It's actually faster to use an on passeners call that checks tag immediately
# than to spread it into a function that runs a bunch of tag checks on each bone.
execute on passengers if entity @s[tag=aj.armor_stand.bone.left_arm] run data merge entity @s {transformation: [0.8820999156735636f,0.31021068059366574f,-0.35449833908539913f,0.37499999999999994f,0.29665711739699446f,-0.9503968546716285f,-0.09348996378211491f,0.49184221433854214f,-0.36591569174660676f,-0.02269696622656872f,-0.9303711916529402f,0.2716387308899832f,0f,0f,0f,1f], start_interpolation: 0}
# It's actually faster to use an on passeners call that checks tag immediately
# than to spread it into a function that runs a bunch of tag checks on each bone.
execute on passengers if entity @s[tag=aj.armor_stand.bone.right_arm] run data merge entity @s {transformation: [-0.38268340639355414f,-0.912505024033003f,-0.14452678501078864f,-0.4375f,-0.2778159461197386f,0.2628527435330933f,-0.923973341227289f,0.851044620048047f,0.8811195778965647f,-0.31343742012027637f,-0.3540978298658789f,0.09520210846565694f,0f,0f,0f,1f], start_interpolation: 0}
# It's actually faster to use an on passeners call that checks tag immediately
# than to spread it into a function that runs a bunch of tag checks on each bone.
execute on passengers if entity @s[tag=aj.armor_stand.bone.body] run data merge entity @s {transformation: [-1f,-2.650620804179865e-17f,1.1956177801397677e-16f,-7.49956061980588e-18f,0f,0.9762960071199333f,0.21643961393810285f,0.9866090968091701f,-1.2246467991473532e-16f,0.21643961393810285f,-0.9762960071199333f,0.061238559762924014f,0f,0f,0f,1f], start_interpolation: 0}
# It's actually faster to use an on passeners call that checks tag immediately
# than to spread it into a function that runs a bunch of tag checks on each bone.
execute on passengers if entity @s[tag=aj.armor_stand.bone.right_leg2] run data merge entity @s {transformation: [-1f,-1.2246467991473532e-16f,2.719262146893782e-32f,-0.125f,0f,2.220446049250313e-16f,1f,0.0625f,-1.2246467991473532e-16f,1f,-2.220446049250313e-16f,-1.5308084989341915e-17f,0f,0f,0f,1f], start_interpolation: 0}
# It's actually faster to use an on passeners call that checks tag immediately
# than to spread it into a function that runs a bunch of tag checks on each bone.
execute on passengers if entity @s[tag=aj.armor_stand.bone.left_leg] run data merge entity @s {transformation: [-1f,0f,1.2246467991473532e-16f,0.12499999999999997f,0f,1f,0f,0.6875f,-1.2246467991473532e-16f,0f,-1f,0.18750000000000003f,0f,0f,0f,1f], start_interpolation: 0}