# This file was generated by Animated Java via MC-Build. It is not recommended to edit this file directly.
# It's actually faster to use an on passeners call that checks tag immediately
# than to spread it into a function that runs a bunch of tag checks on each bone.
execute on passengers if entity @s[tag=aj.armor_stand.bone.head] run data merge entity @s {transformation: [-1f,-1.598484835071783e-17f,1.214169776012528e-16f,-5.479760653520081e-18f,0f,0.9914448613738103f,0.13052619222005157f,0.9424084563674954f,-1.2246467991473532e-16f,0.13052619222005157f,-0.9914448613738103f,0.04474564141542936f,0f,0f,0f,1f], start_interpolation: 0}
# It's actually faster to use an on passeners call that checks tag immediately
# than to spread it into a function that runs a bunch of tag checks on each bone.
execute on passengers if entity @s[tag=aj.armor_stand.bone.left_arm] run data merge entity @s {transformation: [0.8820999156735636f,0.29630805488539136f,-0.3661984098528117f,0.37499999999999994f,0.29665711739699446f,-0.9532953865033336f,-0.056766722374693684f,0.5086600743418632f,-0.3659156917466068f,-0.058561443642516336f,-0.9288036734703984f,0.2686732884136199f,0f,0f,0f,1f], start_interpolation: 0}
# It's actually faster to use an on passeners call that checks tag immediately
# than to spread it into a function that runs a bunch of tag checks on each bone.
execute on passengers if entity @s[tag=aj.armor_stand.bone.right_arm] run data merge entity @s {transformation: [-0.382683406393554f,-0.9063285148957845f,-0.17922620778733178f,-0.4375f,-0.27781594611973864f,0.29790348716667403f,-0.9132753212561532f,0.8678624800513681f,0.8811195778965647f,-0.29970341242758164f,-0.3657952351065312f,0.09223666598929371f,0f,0f,0f,1f], start_interpolation: 0}
# It's actually faster to use an on passeners call that checks tag immediately
# than to spread it into a function that runs a bunch of tag checks on each bone.
execute on passengers if entity @s[tag=aj.armor_stand.bone.body] run data merge entity @s {transformation: [-1f,-2.650620804179865e-17f,1.1956177801397677e-16f,-7.136398656132497e-18f,0f,0.9762960071199333f,0.21643961393810285f,1.0034269568124912f,-1.2246467991473532e-16f,0.21643961393810285f,-0.9762960071199333f,0.05827311728656079f,0f,0f,0f,1f], start_interpolation: 0}