# This file was generated by Animated Java via MC-Build. It is not recommended to edit this file directly.
# It's actually faster to use an on passeners call that checks tag immediately
# than to spread it into a function that runs a bunch of tag checks on each bone.
execute on passengers if entity @s[tag=aj.armor_stand.bone.head] run data merge entity @s {transformation: [-1f,-1.598484835071783e-17f,1.214169776012528e-16f,-5.424569348706633e-18f,0f,0.9914448613738103f,0.13052619222005157f,0.9449643397765518f,-1.2246467991473532e-16f,0.13052619222005157f,-0.9914448613738103f,0.04429497021086756f,0f,0f,0f,1f], start_interpolation: 0}
# It's actually faster to use an on passeners call that checks tag immediately
# than to spread it into a function that runs a bunch of tag checks on each bone.
execute on passengers if entity @s[tag=aj.armor_stand.bone.left_arm] run data merge entity @s {transformation: [0.8820999156735638f,0.2916814651919687f,-0.36989412219195694f,0.37499999999999994f,0.29665711739699446f,-0.9539336365102508f,-0.04477914505698963f,0.5112159577509197f,-0.3659156917466068f,-0.07023204395285276f,-0.927994162985849f,0.26822261720905816f,0f,0f,0f,1f], start_interpolation: 0}
# It's actually faster to use an on passeners call that checks tag immediately
# than to spread it into a function that runs a bunch of tag checks on each bone.
execute on passengers if entity @s[tag=aj.armor_stand.bone.right_arm] run data merge entity @s {transformation: [-0.3826834063935539f,-0.9052741364605028f,-0.18447804293930825f,-0.4375f,-0.2778159461197387f,0.3031936047983186f,-0.911532741096553f,0.8704183634604246f,0.8811195778965649f,-0.29757751236458085f,-0.3675267521994654f,0.09178599478473191f,0f,0f,0f,1f], start_interpolation: 0}
# It's actually faster to use an on passeners call that checks tag immediately
# than to spread it into a function that runs a bunch of tag checks on each bone.
execute on passengers if entity @s[tag=aj.armor_stand.bone.body] run data merge entity @s {transformation: [-1f,-2.650620804179865e-17f,1.1956177801397677e-16f,-7.081207351319049e-18f,0f,0.9762960071199333f,0.21643961393810285f,1.0059828402215476f,-1.2246467991473532e-16f,0.21643961393810285f,-0.9762960071199333f,0.05782244608199899f,0f,0f,0f,1f], start_interpolation: 0}