# This file was generated by Animated Java via MC-Build. It is not recommended to edit this file directly.
# It's actually faster to use an on passeners call that checks tag immediately
# than to spread it into a function that runs a bunch of tag checks on each bone.
execute on passengers if entity @s[tag=aj.armor_stand.bone.head] run data merge entity @s {transformation: [-1f,-1.598484835071783e-17f,1.214169776012528e-16f,-5.353950193616579e-18f,0f,0.9914448613738103f,0.13052619222005157f,0.9482346796872739f,-1.2246467991473532e-16f,0.13052619222005157f,-0.9914448613738103f,0.04371832104851951f,0f,0f,0f,1f], start_interpolation: 0}
# It's actually faster to use an on passeners call that checks tag immediately
# than to spread it into a function that runs a bunch of tag checks on each bone.
execute on passengers if entity @s[tag=aj.armor_stand.bone.left_arm] run data merge entity @s {transformation: [0.8820999156735636f,0.2963080548853913f,-0.3661984098528117f,0.37499999999999994f,0.2966571173969944f,-0.9532953865033336f,-0.056766722374693684f,0.5144862976616418f,-0.3659156917466068f,-0.058561443642516336f,-0.9288036734703984f,0.2676459680467101f,0f,0f,0f,1f], start_interpolation: 0}
# It's actually faster to use an on passeners call that checks tag immediately
# than to spread it into a function that runs a bunch of tag checks on each bone.
execute on passengers if entity @s[tag=aj.armor_stand.bone.right_arm] run data merge entity @s {transformation: [-0.38268340639355414f,-0.903880646888906f,-0.19118887690113917f,-0.4375f,-0.27781594611973864f,0.30994760226725077f,-0.9092583702833734f,0.8736887033711467f,0.8811195778965647f,-0.2948427717080326f,-0.3697242613339088f,0.09120934562238386f,0f,0f,0f,1f], start_interpolation: 0}
# It's actually faster to use an on passeners call that checks tag immediately
# than to spread it into a function that runs a bunch of tag checks on each bone.
execute on passengers if entity @s[tag=aj.armor_stand.bone.body] run data merge entity @s {transformation: [-1f,-2.650620804179865e-17f,1.1956177801397677e-16f,-7.010588196228995e-18f,0f,0.9762960071199333f,0.21643961393810285f,1.0092531801322697f,-1.2246467991473532e-16f,0.21643961393810285f,-0.9762960071199333f,0.05724579691965094f,0f,0f,0f,1f], start_interpolation: 0}