# This file was generated by Animated Java via MC-Build. It is not recommended to edit this file directly.
# It's actually faster to use an on passeners call that checks tag immediately
# than to spread it into a function that runs a bunch of tag checks on each bone.
execute on passengers if entity @s[tag=aj.armor_stand.bone.head] run data merge entity @s {transformation: [-1f,-1.598484835071783e-17f,1.214169776012528e-16f,-5.8193487457643824e-18f,0f,0.9914448613738103f,0.13052619222005157f,0.9266822912801848f,-1.2246467991473532e-16f,0.13052619222005157f,-0.9914448613738103f,0.047518588623397695f,0f,0f,0f,1f], start_interpolation: 0}
# It's actually faster to use an on passeners call that checks tag immediately
# than to spread it into a function that runs a bunch of tag checks on each bone.
execute on passengers if entity @s[tag=aj.armor_stand.bone.left_arm] run data merge entity @s {transformation: [0.8820999156735636f,0.3218135416709083f,-0.3439996848340396f,0.37499999999999994f,0.2966571173969945f,-0.9467674159192304f,-0.1250040593394027f,0.4929339092545526f,-0.36591569174660676f,0.008216115313799455f,-0.93061173535624f,0.2714462356215883f,0f,0f,0f,1f], start_interpolation: 0}
# It's actually faster to use an on passeners call that checks tag immediately
# than to spread it into a function that runs a bunch of tag checks on each bone.
execute on passengers if entity @s[tag=aj.armor_stand.bone.right_arm] run data merge entity @s {transformation: [-0.3826834063935539f,-0.9121443065728845f,-0.14678615213193102f,-0.4375f,-0.2778159461197387f,0.26514014898896f,-0.9233195554496325f,0.8521363149640575f,0.8811195778965649f,-0.31255953893743926f,-0.35487296891506825f,0.09500961319726205f,0f,0f,0f,1f], start_interpolation: 0}
# It's actually faster to use an on passeners call that checks tag immediately
# than to spread it into a function that runs a bunch of tag checks on each bone.
execute on passengers if entity @s[tag=aj.armor_stand.bone.body] run data merge entity @s {transformation: [-1f,-2.650620804179865e-17f,1.1956177801397677e-16f,-7.475986748376798e-18f,0f,0.9762960071199333f,0.21643961393810285f,0.9877007917251805f,-1.2246467991473532e-16f,0.21643961393810285f,-0.9762960071199333f,0.06104606449452912f,0f,0f,0f,1f], start_interpolation: 0}