# This file was generated by Animated Java via MC-Build. It is not recommended to edit this file directly.
# It's actually faster to use an on passeners call that checks tag immediately
# than to spread it into a function that runs a bunch of tag checks on each bone.
execute on passengers if entity @s[tag=aj.armor_stand.bone.head] run data merge entity @s {transformation: [-1f,-1.598484835071783e-17f,1.214169776012528e-16f,-5.346880641623511e-18f,0f,0.9914448613738103f,0.13052619222005157f,0.9485620673203373f,-1.2246467991473532e-16f,0.13052619222005157f,-0.9914448613738103f,0.043660593775660186f,0f,0f,0f,1f], start_interpolation: 0}
# It's actually faster to use an on passeners call that checks tag immediately
# than to spread it into a function that runs a bunch of tag checks on each bone.
execute on passengers if entity @s[tag=aj.armor_stand.bone.left_arm] run data merge entity @s {transformation: [0.8820999156735636f,0.3017440771891943f,-0.36173229141166474f,0.37499999999999994f,0.2966571173969945f,-0.9523412714550185f,-0.07099758715016144f,0.5148136852947052f,-0.3659156917466068f,-0.04468349320141021f,-0.9295746833734885f,0.2675882407738508f,0f,0f,0f,1f], start_interpolation: 0}
# It's actually faster to use an on passeners call that checks tag immediately
# than to spread it into a function that runs a bunch of tag checks on each bone.
execute on passengers if entity @s[tag=aj.armor_stand.bone.right_arm] run data merge entity @s {transformation: [-0.382683406393554f,-0.9037384066432395f,-0.19186011265754355f,-0.4375f,-0.2778159461197386f,0.3106227991664257f,-0.9090279295597079f,0.8740160910042101f,0.8811195778965649f,-0.2945681058701939f,-0.36994313137484497f,0.09115161834952454f,0f,0f,0f,1f], start_interpolation: 0}
# It's actually faster to use an on passeners call that checks tag immediately
# than to spread it into a function that runs a bunch of tag checks on each bone.
execute on passengers if entity @s[tag=aj.armor_stand.bone.body] run data merge entity @s {transformation: [-1f,-2.650620804179865e-17f,1.1956177801397677e-16f,-7.003518644235926e-18f,0f,0.9762960071199333f,0.21643961393810285f,1.0095805677653331f,-1.2246467991473532e-16f,0.21643961393810285f,-0.9762960071199333f,0.057188069646791614f,0f,0f,0f,1f], start_interpolation: 0}