# This file was generated by Animated Java via MC-Build. It is not recommended to edit this file directly.
# It's actually faster to use an on passeners call that checks tag immediately
# than to spread it into a function that runs a bunch of tag checks on each bone.
execute on passengers if entity @s[tag=aj.armor_stand.bone.head] run data merge entity @s {transformation: [-1f,-1.598484835071783e-17f,1.214169776012528e-16f,-5.344506168074143e-18f,0f,0.9914448613738103f,0.13052619222005157f,0.9486720280753979f,-1.2246467991473532e-16f,0.13052619222005157f,-0.9914448613738103f,0.04364120472772391f,0f,0f,0f,1f], start_interpolation: 0}
# It's actually faster to use an on passeners call that checks tag immediately
# than to spread it into a function that runs a bunch of tag checks on each bone.
execute on passengers if entity @s[tag=aj.armor_stand.bone.left_arm] run data merge entity @s {transformation: [0.8820999156735636f,0.3102106805936657f,-0.3544983390853992f,0.37499999999999994f,0.2966571173969944f,-0.9503968546716285f,-0.09348996378211485f,0.5149236460497657f,-0.3659156917466067f,-0.022696966226568777f,-0.9303711916529402f,0.2675688517259145f,0f,0f,0f,1f], start_interpolation: 0}
# It's actually faster to use an on passeners call that checks tag immediately
# than to spread it into a function that runs a bunch of tag checks on each bone.
execute on passengers if entity @s[tag=aj.armor_stand.bone.right_arm] run data merge entity @s {transformation: [-0.3826834063935539f,-0.9036905201150314f,-0.19208553908415593f,-0.4375f,-0.2778159461197387f,0.3108495413395342f,-0.9089504181915512f,0.8741260517592706f,0.8811195778965649f,-0.2944758164998036f,-0.3700165982008827f,0.09113222930158826f,0f,0f,0f,1f], start_interpolation: 0}
# It's actually faster to use an on passeners call that checks tag immediately
# than to spread it into a function that runs a bunch of tag checks on each bone.
execute on passengers if entity @s[tag=aj.armor_stand.bone.body] run data merge entity @s {transformation: [-1f,-2.650620804179865e-17f,1.1956177801397677e-16f,-7.001144170686559e-18f,0f,0.9762960071199333f,0.21643961393810285f,1.0096905285203936f,-1.2246467991473532e-16f,0.21643961393810285f,-0.9762960071199333f,0.05716868059885534f,0f,0f,0f,1f], start_interpolation: 0}