# This file was generated by Animated Java via MC-Build. It is not recommended to edit this file directly.
# It's actually faster to use an on passeners call that checks tag immediately
# than to spread it into a function that runs a bunch of tag checks on each bone.
execute on passengers if entity @s[tag=aj.armor_stand.bone.head] run data merge entity @s {transformation: [-1f,-1.598484835071783e-17f,1.214169776012528e-16f,-5.3655554095761804e-18f,0f,0.9914448613738103f,0.13052619222005157f,0.9476972475857878f,-1.2246467991473532e-16f,0.13052619222005157f,-0.9914448613738103f,0.043813084828310395f,0f,0f,0f,1f], start_interpolation: 0}
# It's actually faster to use an on passeners call that checks tag immediately
# than to spread it into a function that runs a bunch of tag checks on each bone.
execute on passengers if entity @s[tag=aj.armor_stand.bone.left_arm] run data merge entity @s {transformation: [0.882099915673564f,0.3486660286618132f,-0.316751857493988f,0.37499999999999994f,0.2966571173969945f,-0.9335018929514647f,-0.2014169073184734f,0.5139488655601556f,-0.3659156917466069f,0.08370314398654527f,-0.9268762000506701f,0.267740731826501f,0f,0f,0f,1f], start_interpolation: 0}
# It's actually faster to use an on passeners call that checks tag immediately
# than to spread it into a function that runs a bunch of tag checks on each bone.
execute on passengers if entity @s[tag=aj.armor_stand.bone.right_arm] run data merge entity @s {transformation: [-0.3826834063935538f,-0.9041130642677113f,-0.19008676306222838f,-0.4375f,-0.2778159461197386f,0.3088388438851024f,-0.9096355691095792f,0.8731512712696605f,0.8811195778965649f,-0.2952933042386214f,-0.36936452715334805f,0.09130410940217475f,0f,0f,0f,1f], start_interpolation: 0}
# It's actually faster to use an on passeners call that checks tag immediately
# than to spread it into a function that runs a bunch of tag checks on each bone.
execute on passengers if entity @s[tag=aj.armor_stand.bone.body] run data merge entity @s {transformation: [-1f,-2.650620804179865e-17f,1.1956177801397677e-16f,-7.022193412188596e-18f,0f,0.9762960071199333f,0.21643961393810285f,1.0087157480307836f,-1.2246467991473532e-16f,0.21643961393810285f,-0.9762960071199333f,0.05734056069944182f,0f,0f,0f,1f], start_interpolation: 0}