# This file was generated by Animated Java via MC-Build. It is not recommended to edit this file directly.
# It's actually faster to use an on passeners call that checks tag immediately
# than to spread it into a function that runs a bunch of tag checks on each bone.
execute on passengers if entity @s[tag=aj.armor_stand.bone.head] run data merge entity @s {transformation: [-1f,-1.598484835071783e-17f,1.214169776012528e-16f,-5.3814377696086055e-18f,0f,0.9914448613738103f,0.13052619222005157f,0.9469617429507596f,-1.2246467991473532e-16f,0.13052619222005157f,-0.9914448613738103f,0.04394277413990198f,0f,0f,0f,1f], start_interpolation: 0}
# It's actually faster to use an on passeners call that checks tag immediately
# than to spread it into a function that runs a bunch of tag checks on each bone.
execute on passengers if entity @s[tag=aj.armor_stand.bone.left_arm] run data merge entity @s {transformation: [0.8820999156735634f,0.358312324080504f,-0.3057973465887495f,0.37499999999999994f,0.29665711739699446f,-0.9268134078400928f,-0.2302421806392971f,0.5132133609251275f,-0.36591569174660676f,0.11237964877975337f,-0.9238379300904145f,0.26787042113809256f,0f,0f,0f,1f], start_interpolation: 0}
# It's actually faster to use an on passeners call that checks tag immediately
# than to spread it into a function that runs a bunch of tag checks on each bone.
execute on passengers if entity @s[tag=aj.armor_stand.bone.right_arm] run data merge entity @s {transformation: [-0.3826834063935539f,-0.9044289618447356f,-0.18857800361516225f,-0.4375f,-0.2778159461197387f,0.3073207049546268f,-0.9101495945105871f,0.8724157666346324f,0.8811195778965649f,-0.29590917066330563f,-0.36887132196029304f,0.09143379871376633f,0f,0f,0f,1f], start_interpolation: 0}
# It's actually faster to use an on passeners call that checks tag immediately
# than to spread it into a function that runs a bunch of tag checks on each bone.
execute on passengers if entity @s[tag=aj.armor_stand.bone.body] run data merge entity @s {transformation: [-1f,-2.650620804179865e-17f,1.1956177801397677e-16f,-7.038075772221021e-18f,0f,0.9762960071199333f,0.21643961393810285f,1.0079802433957554f,-1.2246467991473532e-16f,0.21643961393810285f,-0.9762960071199333f,0.05747025001103341f,0f,0f,0f,1f], start_interpolation: 0}