# This file was generated by Animated Java via MC-Build. It is not recommended to edit this file directly.
# It's actually faster to use an on passeners call that checks tag immediately
# than to spread it into a function that runs a bunch of tag checks on each bone.
execute on passengers if entity @s[tag=aj.armor_stand.bone.head] run data merge entity @s {transformation: [-1f,-1.598484835071783e-17f,1.214169776012528e-16f,-5.401249946832461e-18f,0f,0.9914448613738103f,0.13052619222005157f,0.9460442503269687f,-1.2246467991473532e-16f,0.13052619222005157f,-0.9914448613738103f,0.04410455284407734f,0f,0f,0f,1f], start_interpolation: 0}
# It's actually faster to use an on passeners call that checks tag immediately
# than to spread it into a function that runs a bunch of tag checks on each bone.
execute on passengers if entity @s[tag=aj.armor_stand.bone.left_arm] run data merge entity @s {transformation: [0.882099915673564f,0.3618472303829208f,-0.3016062344065543f,0.37499999999999994f,0.29665711739699446f,-0.9240708398265739f,-0.24101377072673094f,0.5122958683013366f,-0.3659156917466068f,0.12312459074620624f,-0.9224673661909027f,0.26803219984226795f,0f,0f,0f,1f], start_interpolation: 0}
# It's actually faster to use an on passeners call that checks tag immediately
# than to spread it into a function that runs a bunch of tag checks on each bone.
execute on passengers if entity @s[tag=aj.armor_stand.bone.right_arm] run data merge entity @s {transformation: [-0.38268340639355414f,-0.9048194934318968f,-0.18669519216271124f,-0.4375f,-0.2778159461197386f,0.30542572986472766f,-0.9107872548615252f,0.8714982740108415f,0.8811195778965647f,-0.2966762677435526f,-0.3682546423402364f,0.09159557741794169f,0f,0f,0f,1f], start_interpolation: 0}
# It's actually faster to use an on passeners call that checks tag immediately
# than to spread it into a function that runs a bunch of tag checks on each bone.
execute on passengers if entity @s[tag=aj.armor_stand.bone.body] run data merge entity @s {transformation: [-1f,-2.650620804179865e-17f,1.1956177801397677e-16f,-7.057887949444876e-18f,0f,0.9762960071199333f,0.21643961393810285f,1.0070627507719645f,-1.2246467991473532e-16f,0.21643961393810285f,-0.9762960071199333f,0.05763202871520877f,0f,0f,0f,1f], start_interpolation: 0}