# This file was generated by Animated Java via MC-Build. It is not recommended to edit this file directly.
# It's actually faster to use an on passeners call that checks tag immediately
# than to spread it into a function that runs a bunch of tag checks on each bone.
execute on passengers if entity @s[tag=aj.armor_stand.bone.head] run data merge entity @s {transformation: [-1f,-1.598484835071783e-17f,1.214169776012528e-16f,-5.4509141122981325e-18f,0f,0.9914448613738103f,0.13052619222005157f,0.9437443261456614f,-1.2246467991473532e-16f,0.13052619222005157f,-0.9914448613738103f,0.044510091530825635f,0f,0f,0f,1f], start_interpolation: 0}
# It's actually faster to use an on passeners call that checks tag immediately
# than to spread it into a function that runs a bunch of tag checks on each bone.
execute on passengers if entity @s[tag=aj.armor_stand.bone.left_arm] run data merge entity @s {transformation: [0.882099915673564f,0.3486660286618132f,-0.316751857493988f,0.37499999999999994f,0.2966571173969945f,-0.9335018929514647f,-0.2014169073184734f,0.5099959441200292f,-0.3659156917466069f,0.08370314398654527f,-0.9268762000506701f,0.2684377385290162f,0f,0f,0f,1f], start_interpolation: 0}
# It's actually faster to use an on passeners call that checks tag immediately
# than to spread it into a function that runs a bunch of tag checks on each bone.
execute on passengers if entity @s[tag=aj.armor_stand.bone.right_arm] run data merge entity @s {transformation: [-0.38268340639355414f,-0.9057812270178528f,-0.1819719188585408f,-0.4375f,-0.2778159461197386f,0.30066970488421174f,-0.9123683623660104f,0.8691983498295341f,0.8811195778965647f,-0.29859353199102373f,-0.3667017754258972f,0.09200111610468999f,0f,0f,0f,1f], start_interpolation: 0}
# It's actually faster to use an on passeners call that checks tag immediately
# than to spread it into a function that runs a bunch of tag checks on each bone.
execute on passengers if entity @s[tag=aj.armor_stand.bone.body] run data merge entity @s {transformation: [-1f,-2.650620804179865e-17f,1.1956177801397677e-16f,-7.107552114910548e-18f,0f,0.9762960071199333f,0.21643961393810285f,1.0047628265906572f,-1.2246467991473532e-16f,0.21643961393810285f,-0.9762960071199333f,0.05803756740195706f,0f,0f,0f,1f], start_interpolation: 0}