# This file was generated by Animated Java via MC-Build. It is not recommended to edit this file directly.
# It's actually faster to use an on passeners call that checks tag immediately
# than to spread it into a function that runs a bunch of tag checks on each bone.
execute on passengers if entity @s[tag=aj.armor_stand.bone.head] run data merge entity @s {transformation: [-1f,-1.598484835071783e-17f,1.214169776012528e-16f,-5.510561828144129e-18f,0f,0.9914448613738103f,0.13052619222005157f,0.940982068434339f,-1.2246467991473532e-16f,0.13052619222005157f,-0.9914448613738103f,0.04499715209300181f,0f,0f,0f,1f], start_interpolation: 0}
# It's actually faster to use an on passeners call that checks tag immediately
# than to spread it into a function that runs a bunch of tag checks on each bone.
execute on passengers if entity @s[tag=aj.armor_stand.bone.left_arm] run data merge entity @s {transformation: [0.8820999156735638f,0.32181354167090837f,-0.3439996848340395f,0.37499999999999994f,0.29665711739699446f,-0.9467674159192304f,-0.1250040593394028f,0.5072336864087068f,-0.36591569174660676f,0.008216115313799566f,-0.93061173535624f,0.2689247990911924f,0f,0f,0f,1f], start_interpolation: 0}
# It's actually faster to use an on passeners call that checks tag immediately
# than to spread it into a function that runs a bunch of tag checks on each bone.
execute on passengers if entity @s[tag=aj.armor_stand.bone.right_arm] run data merge entity @s {transformation: [-0.38268340639355414f,-0.9069036985523924f,-0.17629263178878918f,-0.4375f,-0.27781594611973875f,0.29494681187688143f,-0.9142344766225228f,0.8664360921182117f,0.8811195778965647f,-0.30088545946199396f,-0.36482355972678693f,0.09248817666686616f,0f,0f,0f,1f], start_interpolation: 0}
# It's actually faster to use an on passeners call that checks tag immediately
# than to spread it into a function that runs a bunch of tag checks on each bone.
execute on passengers if entity @s[tag=aj.armor_stand.bone.body] run data merge entity @s {transformation: [-1f,-2.650620804179865e-17f,1.1956177801397677e-16f,-7.167199830756544e-18f,0f,0.9762960071199333f,0.21643961393810285f,1.0020005688793348f,-1.2246467991473532e-16f,0.21643961393810285f,-0.9762960071199333f,0.05852462796413324f,0f,0f,0f,1f], start_interpolation: 0}