# This file was generated by Animated Java via MC-Build. It is not recommended to edit this file directly.
# It's actually faster to use an on passeners call that checks tag immediately
# than to spread it into a function that runs a bunch of tag checks on each bone.
execute on passengers if entity @s[tag=aj.armor_stand.bone.head] run data merge entity @s {transformation: [-1f,-1.598484835071783e-17f,1.214169776012528e-16f,-5.5427647881576775e-18f,0f,0.9914448613738103f,0.13052619222005157f,0.9394907644780482f,-1.2246467991473532e-16f,0.13052619222005157f,-0.9914448613738103f,0.04526010921693312f,0f,0f,0f,1f], start_interpolation: 0}
# It's actually faster to use an on passeners call that checks tag immediately
# than to spread it into a function that runs a bunch of tag checks on each bone.
execute on passengers if entity @s[tag=aj.armor_stand.bone.left_arm] run data merge entity @s {transformation: [0.8820999156735636f,0.31021068059366574f,-0.3544983390853991f,0.37499999999999994f,0.2966571173969944f,-0.9503968546716285f,-0.09348996378211502f,0.5057423824524161f,-0.3659156917466067f,-0.022696966226568638f,-0.9303711916529402f,0.2691877562151237f,0f,0f,0f,1f], start_interpolation: 0}
# It's actually faster to use an on passeners call that checks tag immediately
# than to spread it into a function that runs a bunch of tag checks on each bone.
execute on passengers if entity @s[tag=aj.armor_stand.bone.right_arm] run data merge entity @s {transformation: [-0.3826834063935539f,-0.9074949058458148f,-0.17322357326565618f,-0.4375f,-0.2778159461197387f,0.29185227439635386f,-0.9152270483389737f,0.864944788161921f,0.8811195778965649f,-0.30211793358483624f,-0.36380357839610106f,0.09275113379079747f,0f,0f,0f,1f], start_interpolation: 0}
# It's actually faster to use an on passeners call that checks tag immediately
# than to spread it into a function that runs a bunch of tag checks on each bone.
execute on passengers if entity @s[tag=aj.armor_stand.bone.body] run data merge entity @s {transformation: [-1f,-2.650620804179865e-17f,1.1956177801397677e-16f,-7.199402790770093e-18f,0f,0.9762960071199333f,0.21643961393810285f,1.000509264923044f,-1.2246467991473532e-16f,0.21643961393810285f,-0.9762960071199333f,0.058787585088064545f,0f,0f,0f,1f], start_interpolation: 0}