# This file was generated by Animated Java via MC-Build. It is not recommended to edit this file directly.
# It's actually faster to use an on passeners call that checks tag immediately
# than to spread it into a function that runs a bunch of tag checks on each bone.
execute on passengers if entity @s[tag=aj.armor_stand.bone.head] run data merge entity @s {transformation: [-1f,-1.598484835071783e-17f,1.214169776012528e-16f,-5.575827703784221e-18f,0f,0.9914448613738103f,0.13052619222005157f,0.9379596363811397f,-1.2246467991473532e-16f,0.13052619222005157f,-0.9914448613738103f,0.04553008841133892f,0f,0f,0f,1f], start_interpolation: 0}
# It's actually faster to use an on passeners call that checks tag immediately
# than to spread it into a function that runs a bunch of tag checks on each bone.
execute on passengers if entity @s[tag=aj.armor_stand.bone.left_arm] run data merge entity @s {transformation: [0.8820999156735636f,0.30174407718919427f,-0.36173229141166474f,0.37499999999999994f,0.29665711739699446f,-0.9523412714550185f,-0.07099758715016138f,0.5042112543555075f,-0.3659156917466068f,-0.04468349320141021f,-0.9295746833734885f,0.2694577354095295f,0f,0f,0f,1f], start_interpolation: 0}
# It's actually faster to use an on passeners call that checks tag immediately
# than to spread it into a function that runs a bunch of tag checks on each bone.
execute on passengers if entity @s[tag=aj.armor_stand.bone.right_arm] run data merge entity @s {transformation: [-0.3826834063935538f,-0.9080910951019578f,-0.17007049558213655f,-0.4375f,-0.2778159461197387f,0.2886716248270996f,-0.9162352280398723f,0.8634136600650124f,0.8811195778965649f,-0.303379722486869f,-0.3627520274666563f,0.09302111298520327f,0f,0f,0f,1f], start_interpolation: 0}
# It's actually faster to use an on passeners call that checks tag immediately
# than to spread it into a function that runs a bunch of tag checks on each bone.
execute on passengers if entity @s[tag=aj.armor_stand.bone.body] run data merge entity @s {transformation: [-1f,-2.650620804179865e-17f,1.1956177801397677e-16f,-7.232465706396636e-18f,0f,0.9762960071199333f,0.21643961393810285f,0.9989781368261355f,-1.2246467991473532e-16f,0.21643961393810285f,-0.9762960071199333f,0.059057564282470346f,0f,0f,0f,1f], start_interpolation: 0}