# This file was generated by Animated Java via MC-Build. It is not recommended to edit this file directly.
# It's actually faster to use an on passeners call that checks tag immediately
# than to spread it into a function that runs a bunch of tag checks on each bone.
execute on passengers if entity @s[tag=aj.armor_stand.bone.head] run data merge entity @s {transformation: [-1f,-1.598484835071783e-17f,1.214169776012528e-16f,-5.675219120227387e-18f,0f,0.9914448613738103f,0.13052619222005157f,0.9333568665580966f,-1.2246467991473532e-16f,0.13052619222005157f,-0.9914448613738103f,0.046341680917132144f,0f,0f,0f,1f], start_interpolation: 0}
# It's actually faster to use an on passeners call that checks tag immediately
# than to spread it into a function that runs a bunch of tag checks on each bone.
execute on passengers if entity @s[tag=aj.armor_stand.bone.left_arm] run data merge entity @s {transformation: [0.8820999156735638f,0.2916814651919687f,-0.36989412219195694f,0.37499999999999994f,0.29665711739699446f,-0.9539336365102508f,-0.0447791450569896f,0.4996084845324644f,-0.3659156917466068f,-0.07023204395285279f,-0.927994162985849f,0.27026932791532277f,0f,0f,0f,1f], start_interpolation: 0}
# It's actually faster to use an on passeners call that checks tag immediately
# than to spread it into a function that runs a bunch of tag checks on each bone.
execute on passengers if entity @s[tag=aj.armor_stand.bone.right_arm] run data merge entity @s {transformation: [-0.3826834063935539f,-0.9098173221342174f,-0.16057973351437632f,-0.4375f,-0.2778159461197387f,0.2790893639095544f,-0.919199340205461f,0.8588108902419693f,0.8811195778965649f,-0.3071507240705813f,-0.359564628613963f,0.0938327054909965f,0f,0f,0f,1f], start_interpolation: 0}
# It's actually faster to use an on passeners call that checks tag immediately
# than to spread it into a function that runs a bunch of tag checks on each bone.
execute on passengers if entity @s[tag=aj.armor_stand.bone.body] run data merge entity @s {transformation: [-1f,-2.650620804179865e-17f,1.1956177801397677e-16f,-7.331857122839802e-18f,0f,0.9762960071199333f,0.21643961393810285f,0.9943753670030924f,-1.2246467991473532e-16f,0.21643961393810285f,-0.9762960071199333f,0.05986915678826357f,0f,0f,0f,1f], start_interpolation: 0}