# This file was generated by Animated Java via MC-Build. It is not recommended to edit this file directly.
# It's actually faster to use an on passeners call that checks tag immediately
# than to spread it into a function that runs a bunch of tag checks on each bone.
execute on passengers if entity @s[tag=aj.armor_stand.bone.head] run data merge entity @s {transformation: [-1f,-1.598484835071783e-17f,1.214169776012528e-16f,-5.706993615509958e-18f,0f,0.9914448613738103f,0.13052619222005157f,0.9318854046022981f,-1.2246467991473532e-16f,0.13052619222005157f,-0.9914448613738103f,0.04660113936102547f,0f,0f,0f,1f], start_interpolation: 0}
# It's actually faster to use an on passeners call that checks tag immediately
# than to spread it into a function that runs a bunch of tag checks on each bone.
execute on passengers if entity @s[tag=aj.armor_stand.bone.left_arm] run data merge entity @s {transformation: [0.8820999156735638f,0.2912325380745825f,-0.3702476840377653f,0.37499999999999994f,0.2966571173969945f,-0.9539872554665941f,-0.043621910836429606f,0.4981370225766659f,-0.3659156917466068f,-0.07135772679922242f,-0.9279082828381529f,0.27052878635921607f,0f,0f,0f,1f], start_interpolation: 0}
# It's actually faster to use an on passeners call that checks tag immediately
# than to spread it into a function that runs a bunch of tag checks on each bone.
execute on passengers if entity @s[tag=aj.armor_stand.bone.right_arm] run data merge entity @s {transformation: [-0.3826834063935539f,-0.9103482658760479f,-0.15754188423241283f,-0.4375f,-0.27781594611973864f,0.27601953738484675f,-0.9201258148011336f,0.8573394282861708f,0.881119577896565f,-0.3083492334972282f,-0.3585373615804234f,0.09409216393488982f,0f,0f,0f,1f], start_interpolation: 0}
# It's actually faster to use an on passeners call that checks tag immediately
# than to spread it into a function that runs a bunch of tag checks on each bone.
execute on passengers if entity @s[tag=aj.armor_stand.bone.body] run data merge entity @s {transformation: [-1f,-2.650620804179865e-17f,1.1956177801397677e-16f,-7.363631618122373e-18f,0f,0.9762960071199333f,0.21643961393810285f,0.9929039050472939f,-1.2246467991473532e-16f,0.21643961393810285f,-0.9762960071199333f,0.0601286152321569f,0f,0f,0f,1f], start_interpolation: 0}