# This file was generated by Animated Java via MC-Build. It is not recommended to edit this file directly.
# It's actually faster to use an on passeners call that checks tag immediately
# than to spread it into a function that runs a bunch of tag checks on each bone.
execute on passengers if entity @s[tag=aj.armor_stand.bone.head] run data merge entity @s {transformation: [-1f,-1.598484835071783e-17f,1.214169776012528e-16f,-5.737517315470989e-18f,0f,0.9914448613738103f,0.13052619222005157f,0.9304718663904888f,-1.2246467991473532e-16f,0.13052619222005157f,-0.9914448613738103f,0.046850384286029834f,0f,0f,0f,1f], start_interpolation: 0}
# It's actually faster to use an on passeners call that checks tag immediately
# than to spread it into a function that runs a bunch of tag checks on each bone.
execute on passengers if entity @s[tag=aj.armor_stand.bone.left_arm] run data merge entity @s {transformation: [0.8820999156735638f,0.2916814651919687f,-0.36989412219195694f,0.37499999999999994f,0.29665711739699446f,-0.9539336365102508f,-0.04477914505698957f,0.4967234843648567f,-0.3659156917466068f,-0.07023204395285282f,-0.927994162985849f,0.2707780312842204f,0f,0f,0f,1f], start_interpolation: 0}
# It's actually faster to use an on passeners call that checks tag immediately
# than to spread it into a function that runs a bunch of tag checks on each bone.
execute on passengers if entity @s[tag=aj.armor_stand.bone.right_arm] run data merge entity @s {transformation: [-0.382683406393554f,-0.9108487570418148f,-0.15462196566596587f,-0.4375f,-0.2778159461197386f,0.273067657175612f,-0.9210061643041358f,0.8559258900743616f,0.8811195778965647f,-0.30949732858298407f,-0.35754677043343003f,0.09434140885989419f,0f,0f,0f,1f], start_interpolation: 0}
# It's actually faster to use an on passeners call that checks tag immediately
# than to spread it into a function that runs a bunch of tag checks on each bone.
execute on passengers if entity @s[tag=aj.armor_stand.bone.body] run data merge entity @s {transformation: [-1f,-2.650620804179865e-17f,1.1956177801397677e-16f,-7.394155318083404e-18f,0f,0.9762960071199333f,0.21643961393810285f,0.9914903668354846f,-1.2246467991473532e-16f,0.21643961393810285f,-0.9762960071199333f,0.06037786015716126f,0f,0f,0f,1f], start_interpolation: 0}