# This file was generated by Animated Java via MC-Build. It is not recommended to edit this file directly.
# It's actually faster to use an on passeners call that checks tag immediately
# than to spread it into a function that runs a bunch of tag checks on each bone.
execute on passengers if entity @s[tag=aj.armor_stand.bone.head] run data merge entity @s {transformation: [-1f,-1.598484835071783e-17f,1.214169776012528e-16f,-5.766536903671105e-18f,0f,0.9914448613738103f,0.13052619222005157f,0.9291279828880236f,-1.2246467991473532e-16f,0.13052619222005157f,-0.9914448613738103f,0.04708734720644346f,0f,0f,0f,1f], start_interpolation: 0}
# It's actually faster to use an on passeners call that checks tag immediately
# than to spread it into a function that runs a bunch of tag checks on each bone.
execute on passengers if entity @s[tag=aj.armor_stand.bone.left_arm] run data merge entity @s {transformation: [0.8820999156735634f,0.2932034154488473f,-0.3686888877330351f,0.37499999999999994f,0.2966571173969944f,-0.9537409891296363f,-0.04871016682098661f,0.4953796008623914f,-0.3659156917466067f,-0.06640694860594878f,-0.9282757261236819f,0.27101499420463404f,0f,0f,0f,1f], start_interpolation: 0}
# It's actually faster to use an on passeners call that checks tag immediately
# than to spread it into a function that runs a bunch of tag checks on each bone.
execute on passengers if entity @s[tag=aj.armor_stand.bone.right_arm] run data merge entity @s {transformation: [-0.3826834063935539f,-0.9113159010041285f,-0.15184445675776198f,-0.4375f,-0.2778159461197386f,0.27025863224655106f,-0.9218343515935054f,0.8545820065718963f,0.8811195778965648f,-0.31058589838120043f,-0.3566015832467968f,0.09457837178030781f,0f,0f,0f,1f], start_interpolation: 0}
# It's actually faster to use an on passeners call that checks tag immediately
# than to spread it into a function that runs a bunch of tag checks on each bone.
execute on passengers if entity @s[tag=aj.armor_stand.bone.body] run data merge entity @s {transformation: [-1f,-2.650620804179865e-17f,1.1956177801397677e-16f,-7.42317490628352e-18f,0f,0.9762960071199333f,0.21643961393810285f,0.9901464833330194f,-1.2246467991473532e-16f,0.21643961393810285f,-0.9762960071199333f,0.06061482307757489f,0f,0f,0f,1f], start_interpolation: 0}