# This file was generated by Animated Java via MC-Build. It is not recommended to edit this file directly.
# It's actually faster to use an on passeners call that checks tag immediately
# than to spread it into a function that runs a bunch of tag checks on each bone.
execute on passengers if entity @s[tag=aj.armor_stand.bone.head] run data merge entity @s {transformation: [-1f,-1.598484835071783e-17f,1.214169776012528e-16f,-5.7938592796320946e-18f,0f,0.9914448613738103f,0.13052619222005157f,0.9278626964873714f,-1.2246467991473532e-16f,0.13052619222005157f,-0.9914448613738103f,0.04731045133720191f,0f,0f,0f,1f], start_interpolation: 0}
# It's actually faster to use an on passeners call that checks tag immediately
# than to spread it into a function that runs a bunch of tag checks on each bone.
execute on passengers if entity @s[tag=aj.armor_stand.bone.left_arm] run data merge entity @s {transformation: [0.8820999156735634f,0.2963080548853913f,-0.36619840985281177f,0.37499999999999994f,0.2966571173969944f,-0.9532953865033336f,-0.05676672237469363f,0.49411431446173926f,-0.36591569174660676f,-0.05856144364251639f,-0.9288036734703984f,0.2712380983353925f,0f,0f,0f,1f], start_interpolation: 0}
# It's actually faster to use an on passeners call that checks tag immediately
# than to spread it into a function that runs a bunch of tag checks on each bone.
execute on passengers if entity @s[tag=aj.armor_stand.bone.right_arm] run data merge entity @s {transformation: [-0.3826834063935539f,-0.9117479830216919f,-0.1492281003259871f,-0.4375f,-0.2778159461197386f,0.2676115971476287f,-0.9226062720108127f,0.8533167201712442f,0.8811195778965647f,-0.31160816505344036f,-0.35570864611280867f,0.09480147591106626f,0f,0f,0f,1f], start_interpolation: 0}
# It's actually faster to use an on passeners call that checks tag immediately
# than to spread it into a function that runs a bunch of tag checks on each bone.
execute on passengers if entity @s[tag=aj.armor_stand.bone.body] run data merge entity @s {transformation: [-1f,-2.650620804179865e-17f,1.1956177801397677e-16f,-7.45049728224451e-18f,0f,0.9762960071199333f,0.21643961393810285f,0.9888811969323672f,-1.2246467991473532e-16f,0.21643961393810285f,-0.9762960071199333f,0.06083792720833334f,0f,0f,0f,1f], start_interpolation: 0}