# This file was generated by Animated Java via MC-Build. It is not recommended to edit this file directly.
# It's actually faster to use an on passeners call that checks tag immediately
# than to spread it into a function that runs a bunch of tag checks on each bone.
execute on passengers if entity @s[tag=aj.armor_stand.bone.head] run data merge entity @s {transformation: [-1f,-1.598484835071783e-17f,1.214169776012528e-16f,-5.864545681785705e-18f,0f,0.9914448613738103f,0.13052619222005157f,0.9245892423967139f,-1.2246467991473532e-16f,0.13052619222005157f,-0.9914448613738103f,0.04788764961349533f,0f,0f,0f,1f], start_interpolation: 0}
# It's actually faster to use an on passeners call that checks tag immediately
# than to spread it into a function that runs a bunch of tag checks on each bone.
execute on passengers if entity @s[tag=aj.armor_stand.bone.left_arm] run data merge entity @s {transformation: [0.8820999156735636f,0.3218135416709082f,-0.3439996848340396f,0.37499999999999994f,0.29665711739699446f,-0.9467674159192304f,-0.12500405933940248f,0.49084086037108177f,-0.36591569174660676f,0.00821611531379926f,-0.9306117353562399f,0.2718152966116859f,0f,0f,0f,1f], start_interpolation: 0}
# It's actually faster to use an on passeners call that checks tag immediately
# than to spread it into a function that runs a bunch of tag checks on each bone.
execute on passengers if entity @s[tag=aj.armor_stand.bone.right_arm] run data merge entity @s {transformation: [-0.382683406393554f,-0.9128309702293138f,-0.14245360739986795f,-0.4375f,-0.2778159461197387f,0.26075320973770044f,-0.9245680416784269f,0.8500432660805866f,0.8811195778965648f,-0.3142409639141538f,-0.3533849261721318f,0.09537867418735968f,0f,0f,0f,1f], start_interpolation: 0}
# It's actually faster to use an on passeners call that checks tag immediately
# than to spread it into a function that runs a bunch of tag checks on each bone.
execute on passengers if entity @s[tag=aj.armor_stand.bone.body] run data merge entity @s {transformation: [-1f,-2.650620804179865e-17f,1.1956177801397677e-16f,-7.52118368439812e-18f,0f,0.9762960071199333f,0.21643961393810285f,0.9856077428417097f,-1.2246467991473532e-16f,0.21643961393810285f,-0.9762960071199333f,0.061415125484626756f,0f,0f,0f,1f], start_interpolation: 0}