# This file was generated by Animated Java via MC-Build. It is not recommended to edit this file directly.
# It's actually faster to use an on passeners call that checks tag immediately
# than to spread it into a function that runs a bunch of tag checks on each bone.
execute on passengers if entity @s[tag=aj.armor_stand.bone.head] run data merge entity @s {transformation: [-1f,-1.598484835071783e-17f,1.214169776012528e-16f,-5.884223922707221e-18f,0f,0.9914448613738103f,0.13052619222005157f,0.9236779523001901f,-1.2246467991473532e-16f,0.13052619222005157f,-0.9914448613738103f,0.04804833464476489f,0f,0f,0f,1f], start_interpolation: 0}
# It's actually faster to use an on passeners call that checks tag immediately
# than to spread it into a function that runs a bunch of tag checks on each bone.
execute on passengers if entity @s[tag=aj.armor_stand.bone.left_arm] run data merge entity @s {transformation: [0.8820999156735638f,0.3354544254173777f,-0.33071145616169534f,0.37499999999999994f,0.2966571173969945f,-0.9409413238415322f,-0.16316856248999412f,0.48992957027455797f,-0.36591569174660676f,0.04582306793790927f,-0.929519205276771f,0.2719759816429555f,0f,0f,0f,1f], start_interpolation: 0}
# It's actually faster to use an on passeners call that checks tag immediately
# than to spread it into a function that runs a bunch of tag checks on each bone.
execute on passengers if entity @s[tag=aj.armor_stand.bone.right_arm] run data merge entity @s {transformation: [-0.3826834063935539f,-0.9131235064226402f,-0.1405662565819017f,-0.4375f,-0.2778159461197388f,0.2588413427250477f,-0.9251051072056024f,0.8491319759840628f,0.8811195778965649f,-0.3149708261327031f,-0.3527345576104816f,0.09553935921862924f,0f,0f,0f,1f], start_interpolation: 0}
# It's actually faster to use an on passeners call that checks tag immediately
# than to spread it into a function that runs a bunch of tag checks on each bone.
execute on passengers if entity @s[tag=aj.armor_stand.bone.body] run data merge entity @s {transformation: [-1f,-2.650620804179865e-17f,1.1956177801397677e-16f,-7.540861925319636e-18f,0f,0.9762960071199333f,0.21643961393810285f,0.9846964527451859f,-1.2246467991473532e-16f,0.21643961393810285f,-0.9762960071199333f,0.06157581051589632f,0f,0f,0f,1f], start_interpolation: 0}