# This file was generated by Animated Java via MC-Build. It is not recommended to edit this file directly.
# It's actually faster to use an on passeners call that checks tag immediately
# than to spread it into a function that runs a bunch of tag checks on each bone.
execute on passengers if entity @s[tag=aj.armor_stand.bone.head] run data merge entity @s {transformation: [-1f,-1.598484835071783e-17f,1.214169776012528e-16f,-5.944679375945919e-18f,0f,0.9914448613738103f,0.13052619222005157f,0.9208782886495107f,-1.2246467991473532e-16f,0.13052619222005157f,-0.9914448613738103f,0.048541990883288436f,0f,0f,0f,1f], start_interpolation: 0}
# It's actually faster to use an on passeners call that checks tag immediately
# than to spread it into a function that runs a bunch of tag checks on each bone.
execute on passengers if entity @s[tag=aj.armor_stand.bone.left_arm] run data merge entity @s {transformation: [0.8820999156735634f,0.3583123240805041f,-0.3057973465887494f,0.37499999999999994f,0.29665711739699446f,-0.9268134078400929f,-0.23024218063929727f,0.48712990662387856f,-0.36591569174660676f,0.11237964877975354f,-0.9238379300904144f,0.27246963788147904f,0f,0f,0f,1f], start_interpolation: 0}
# It's actually faster to use an on passeners call that checks tag immediately
# than to spread it into a function that runs a bunch of tag checks on each bone.
execute on passengers if entity @s[tag=aj.armor_stand.bone.right_arm] run data merge entity @s {transformation: [-0.3826834063935539f,-0.9139978205279973f,-0.13476421832629437f,-0.4375f,-0.27781594611973853f,0.25296082458771946f,-0.9267303390444792f,0.8463323123333835f,0.8811195778965647f,-0.3172046741363879f,-0.35072707929871527f,0.09603301545715279f,0f,0f,0f,1f], start_interpolation: 0}
# It's actually faster to use an on passeners call that checks tag immediately
# than to spread it into a function that runs a bunch of tag checks on each bone.
execute on passengers if entity @s[tag=aj.armor_stand.bone.body] run data merge entity @s {transformation: [-1f,-2.650620804179865e-17f,1.1956177801397677e-16f,-7.601317378558335e-18f,0f,0.9762960071199333f,0.21643961393810285f,0.9818967890945065f,-1.2246467991473532e-16f,0.21643961393810285f,-0.9762960071199333f,0.062069466754419864f,0f,0f,0f,1f], start_interpolation: 0}