# This file was generated by Animated Java via MC-Build. It is not recommended to edit this file directly.
# It's actually faster to use an on passeners call that checks tag immediately
# than to spread it into a function that runs a bunch of tag checks on each bone.
execute on passengers if entity @s[tag=aj.armor_stand.bone.head] run data merge entity @s {transformation: [-1f,-1.598484835071783e-17f,1.214169776012528e-16f,-5.95570517787812e-18f,0f,0.9914448613738103f,0.13052619222005157f,0.9203676889395508f,-1.2246467991473532e-16f,0.13052619222005157f,-0.9914448613738103f,0.04863202338849629f,0f,0f,0f,1f], start_interpolation: 0}
# It's actually faster to use an on passeners call that checks tag immediately
# than to spread it into a function that runs a bunch of tag checks on each bone.
execute on passengers if entity @s[tag=aj.armor_stand.bone.left_arm] run data merge entity @s {transformation: [0.882099915673564f,0.3486660286618133f,-0.31675185749398793f,0.37499999999999994f,0.2966571173969945f,-0.9335018929514647f,-0.20141690731847364f,0.48661930691391864f,-0.3659156917466068f,0.08370314398654549f,-0.9268762000506701f,0.2725596703866869f,0f,0f,0f,1f], start_interpolation: 0}
# It's actually faster to use an on passeners call that checks tag immediately
# than to spread it into a function that runs a bunch of tag checks on each bone.
execute on passengers if entity @s[tag=aj.armor_stand.bone.right_arm] run data merge entity @s {transformation: [-0.3826834063935539f,-0.914153303105129f,-0.13370545573389497f,-0.4375f,-0.2778159461197387f,0.25188723479104486f,-0.9270227187242585f,0.8458217126234235f,0.8811195778965649f,-0.3176107041195299f,-0.35035942983752544f,0.09612304796236064f,0f,0f,0f,1f], start_interpolation: 0}
# It's actually faster to use an on passeners call that checks tag immediately
# than to spread it into a function that runs a bunch of tag checks on each bone.
execute on passengers if entity @s[tag=aj.armor_stand.bone.body] run data merge entity @s {transformation: [-1f,-2.650620804179865e-17f,1.1956177801397677e-16f,-7.612343180490535e-18f,0f,0.9762960071199333f,0.21643961393810285f,0.9813861893845466f,-1.2246467991473532e-16f,0.21643961393810285f,-0.9762960071199333f,0.062159499259627715f,0f,0f,0f,1f], start_interpolation: 0}