# This file was generated by Animated Java via MC-Build. It is not recommended to edit this file directly.
# It's actually faster to use an on passeners call that checks tag immediately
# than to spread it into a function that runs a bunch of tag checks on each bone.
execute on passengers if entity @s[tag=aj.armor_stand.bone.head] run data merge entity @s {transformation: [-1f,-1.598484835071783e-17f,1.214169776012528e-16f,-5.980835325184812e-18f,0f,0.9914448613738103f,0.13052619222005157f,0.9192039236184477f,-1.2246467991473532e-16f,0.13052619222005157f,-0.9914448613738103f,0.048837226613819604f,0f,0f,0f,1f], start_interpolation: 0}
# It's actually faster to use an on passeners call that checks tag immediately
# than to spread it into a function that runs a bunch of tag checks on each bone.
execute on passengers if entity @s[tag=aj.armor_stand.bone.left_arm] run data merge entity @s {transformation: [0.8820999156735638f,0.31021068059366574f,-0.3544983390853991f,0.37499999999999994f,0.2966571173969944f,-0.9503968546716285f,-0.09348996378211502f,0.48545554159281556f,-0.3659156917466067f,-0.02269696622656861f,-0.9303711916529402f,0.2727648736120102f,0f,0f,0f,1f], start_interpolation: 0}
# It's actually faster to use an on passeners call that checks tag immediately
# than to spread it into a function that runs a bunch of tag checks on each bone.
execute on passengers if entity @s[tag=aj.armor_stand.bone.right_arm] run data merge entity @s {transformation: [-0.38268340639355414f,-0.9145030973540514f,-0.1312916425400817f,-0.4375f,-0.2778159461197387f,0.2494390347511362f,-0.927684465766252f,0.8446579473023204f,0.8811195778965648f,-0.3185345395279265f,-0.3495197227269321f,0.09632825118768396f,0f,0f,0f,1f], start_interpolation: 0}
# It's actually faster to use an on passeners call that checks tag immediately
# than to spread it into a function that runs a bunch of tag checks on each bone.
execute on passengers if entity @s[tag=aj.armor_stand.bone.body] run data merge entity @s {transformation: [-1f,-2.650620804179865e-17f,1.1956177801397677e-16f,-7.637473327797227e-18f,0f,0.9762960071199333f,0.21643961393810285f,0.9802224240634435f,-1.2246467991473532e-16f,0.21643961393810285f,-0.9762960071199333f,0.06236470248495103f,0f,0f,0f,1f], start_interpolation: 0}