# This file was generated by Animated Java via MC-Build. It is not recommended to edit this file directly.
# It's actually faster to use an on passeners call that checks tag immediately
# than to spread it into a function that runs a bunch of tag checks on each bone.
execute on passengers if entity @s[tag=aj.armor_stand.bone.head] run data merge entity @s {transformation: [-1f,-1.598484835071783e-17f,1.214169776012528e-16f,-6.0081230849225535e-18f,0f,0.9914448613738103f,0.13052619222005157f,0.9179402402788391f,-1.2246467991473532e-16f,0.13052619222005157f,-0.9914448613738103f,0.04906004808166439f,0f,0f,0f,1f], start_interpolation: 0}
# It's actually faster to use an on passeners call that checks tag immediately
# than to spread it into a function that runs a bunch of tag checks on each bone.
execute on passengers if entity @s[tag=aj.armor_stand.bone.left_arm] run data merge entity @s {transformation: [0.8820999156735636f,0.29630805488539136f,-0.3661984098528117f,0.37499999999999994f,0.29665711739699446f,-0.9532953865033336f,-0.05676672237469377f,0.484191858253207f,-0.3659156917466068f,-0.05856144364251628f,-0.9288036734703984f,0.272987695079855f,0f,0f,0f,1f], start_interpolation: 0}
# It's actually faster to use an on passeners call that checks tag immediately
# than to spread it into a function that runs a bunch of tag checks on each bone.
execute on passengers if entity @s[tag=aj.armor_stand.bone.right_arm] run data merge entity @s {transformation: [-0.3826834063935539f,-0.9148757060272166f,-0.1286695495920785f,-0.4375f,-0.2778159461197388f,0.24677867008420618f,-0.9283957066214089f,0.8433942639627119f,0.8811195778965648f,-0.3195351788343075f,-0.3486051619450101f,0.09655107265552874f,0f,0f,0f,1f], start_interpolation: 0}
# It's actually faster to use an on passeners call that checks tag immediately
# than to spread it into a function that runs a bunch of tag checks on each bone.
execute on passengers if entity @s[tag=aj.armor_stand.bone.body] run data merge entity @s {transformation: [-1f,-2.650620804179865e-17f,1.1956177801397677e-16f,-7.664761087534969e-18f,0f,0.9762960071199333f,0.21643961393810285f,0.9789587407238349f,-1.2246467991473532e-16f,0.21643961393810285f,-0.9762960071199333f,0.06258752395279582f,0f,0f,0f,1f], start_interpolation: 0}