# This file was generated by Animated Java via MC-Build. It is not recommended to edit this file directly.
# It's actually faster to use an on passeners call that checks tag immediately
# than to spread it into a function that runs a bunch of tag checks on each bone.
execute on passengers if entity @s[tag=aj.armor_stand.bone.head] run data merge entity @s {transformation: [-1f,-1.598484835071783e-17f,1.214169776012528e-16f,-6.009061433566571e-18f,0f,0.9914448613738103f,0.13052619222005157f,0.9178967857937664f,-1.2246467991473532e-16f,0.13052619222005157f,-0.9914448613738103f,0.04906771027981549f,0f,0f,0f,1f], start_interpolation: 0}
# It's actually faster to use an on passeners call that checks tag immediately
# than to spread it into a function that runs a bunch of tag checks on each bone.
execute on passengers if entity @s[tag=aj.armor_stand.bone.left_arm] run data merge entity @s {transformation: [0.8820999156735636f,0.31021068059366574f,-0.35449833908539913f,0.37499999999999994f,0.29665711739699446f,-0.9503968546716285f,-0.09348996378211491f,0.4841484037681343f,-0.36591569174660676f,-0.02269696622656872f,-0.9303711916529402f,0.27299535727800606f,0f,0f,0f,1f], start_interpolation: 0}
# It's actually faster to use an on passeners call that checks tag immediately
# than to spread it into a function that runs a bunch of tag checks on each bone.
execute on passengers if entity @s[tag=aj.armor_stand.bone.right_arm] run data merge entity @s {transformation: [-0.38268340639355414f,-0.9148883852911076f,-0.12857936432591338f,-0.4375f,-0.27781594611973864f,0.24668715149878406f,-0.9284200285253493f,0.8433508094776392f,0.8811195778965647f,-0.31956954132840326f,-0.34857366180268645f,0.09655873485367984f,0f,0f,0f,1f], start_interpolation: 0}
# It's actually faster to use an on passeners call that checks tag immediately
# than to spread it into a function that runs a bunch of tag checks on each bone.
execute on passengers if entity @s[tag=aj.armor_stand.bone.body] run data merge entity @s {transformation: [-1f,-2.650620804179865e-17f,1.1956177801397677e-16f,-7.665699436178987e-18f,0f,0.9762960071199333f,0.21643961393810285f,0.9789152862387622f,-1.2246467991473532e-16f,0.21643961393810285f,-0.9762960071199333f,0.06259518615094692f,0f,0f,0f,1f], start_interpolation: 0}