# This file was generated by Animated Java via MC-Build. It is not recommended to edit this file directly.
# It's actually faster to use an on passeners call that checks tag immediately
# than to spread it into a function that runs a bunch of tag checks on each bone.
execute on passengers if entity @s[tag=aj.armor_stand.bone.head] run data merge entity @s {transformation: [-1f,-1.598484835071783e-17f,1.214169776012528e-16f,-6.008828342072947e-18f,0f,0.9914448613738103f,0.13052619222005157f,0.9179075801513806f,-1.2246467991473532e-16f,0.13052619222005157f,-0.9914448613738103f,0.04906580694332871f,0f,0f,0f,1f], start_interpolation: 0}
# It's actually faster to use an on passeners call that checks tag immediately
# than to spread it into a function that runs a bunch of tag checks on each bone.
execute on passengers if entity @s[tag=aj.armor_stand.bone.left_arm] run data merge entity @s {transformation: [0.8820999156735636f,0.32181354167090825f,-0.3439996848340396f,0.37499999999999994f,0.29665711739699446f,-0.9467674159192304f,-0.1250040593394026f,0.4841591981257485f,-0.36591569174660676f,0.008216115313799344f,-0.9306117353562399f,0.2729934539415193f,0f,0f,0f,1f], start_interpolation: 0}
# It's actually faster to use an on passeners call that checks tag immediately
# than to spread it into a function that runs a bunch of tag checks on each bone.
execute on passengers if entity @s[tag=aj.armor_stand.bone.right_arm] run data merge entity @s {transformation: [-0.38268340639355414f,-0.9148852365149589f,-0.12860176700961007f,-0.4375f,-0.2778159461197386f,0.24670988549420608f,-0.9284139876590779f,0.8433616038352534f,0.8811195778965648f,-0.31956100576635404f,-0.34858148694527047f,0.09655683151719306f,0f,0f,0f,1f], start_interpolation: 0}
# It's actually faster to use an on passeners call that checks tag immediately
# than to spread it into a function that runs a bunch of tag checks on each bone.
execute on passengers if entity @s[tag=aj.armor_stand.bone.body] run data merge entity @s {transformation: [-1f,-2.650620804179865e-17f,1.1956177801397677e-16f,-7.665466344685363e-18f,0f,0.9762960071199333f,0.21643961393810285f,0.9789260805963764f,-1.2246467991473532e-16f,0.21643961393810285f,-0.9762960071199333f,0.06259328281446014f,0f,0f,0f,1f], start_interpolation: 0}