# This file was generated by Animated Java via MC-Build. It is not recommended to edit this file directly.
# It's actually faster to use an on passeners call that checks tag immediately
# than to spread it into a function that runs a bunch of tag checks on each bone.
execute on passengers if entity @s[tag=aj.armor_stand.bone.head] run data merge entity @s {transformation: [-1f,-1.598484835071783e-17f,1.214169776012528e-16f,-6.006927710873696e-18f,0f,0.9914448613738103f,0.13052619222005157f,0.9179955974897153f,-1.2246467991473532e-16f,0.13052619222005157f,-0.9914448613738103f,0.04905028711181014f,0f,0f,0f,1f], start_interpolation: 0}
# It's actually faster to use an on passeners call that checks tag immediately
# than to spread it into a function that runs a bunch of tag checks on each bone.
execute on passengers if entity @s[tag=aj.armor_stand.bone.left_arm] run data merge entity @s {transformation: [0.882099915673564f,0.34866602866181323f,-0.316751857493988f,0.37499999999999994f,0.2966571173969945f,-0.9335018929514647f,-0.20141690731847348f,0.4842472154640831f,-0.3659156917466069f,0.08370314398654533f,-0.92687620005067f,0.2729779341100007f,0f,0f,0f,1f], start_interpolation: 0}
# It's actually faster to use an on passeners call that checks tag immediately
# than to spread it into a function that runs a bunch of tag checks on each bone.
execute on passengers if entity @s[tag=aj.armor_stand.bone.right_arm] run data merge entity @s {transformation: [-0.3826834063935539f,-0.9148595408785546f,-0.12878443591718136f,-0.4375f,-0.2778159461197386f,0.2468952532790561f,-0.9283647095780113f,0.843449621173588f,0.8811195778965647f,-0.31949139952704736f,-0.3486452854630736f,0.0965413116856745f,0f,0f,0f,1f], start_interpolation: 0}
# It's actually faster to use an on passeners call that checks tag immediately
# than to spread it into a function that runs a bunch of tag checks on each bone.
execute on passengers if entity @s[tag=aj.armor_stand.bone.body] run data merge entity @s {transformation: [-1f,-2.650620804179865e-17f,1.1956177801397677e-16f,-7.663565713486112e-18f,0f,0.9762960071199333f,0.21643961393810285f,0.9790140979347111f,-1.2246467991473532e-16f,0.21643961393810285f,-0.9762960071199333f,0.06257776298294157f,0f,0f,0f,1f], start_interpolation: 0}