# This file was generated by Animated Java via MC-Build. It is not recommended to edit this file directly.
# It's actually faster to use an on passeners call that checks tag immediately
# than to spread it into a function that runs a bunch of tag checks on each bone.
execute on passengers if entity @s[tag=aj.armor_stand.bone.head] run data merge entity @s {transformation: [-1f,-1.598484835071783e-17f,1.214169776012528e-16f,-6.002934963942076e-18f,0f,0.9914448613738103f,0.13052619222005157f,0.9181804997251958f,-1.2246467991473532e-16f,0.13052619222005157f,-0.9914448613738103f,0.04901768385890162f,0f,0f,0f,1f], start_interpolation: 0}
# It's actually faster to use an on passeners call that checks tag immediately
# than to spread it into a function that runs a bunch of tag checks on each bone.
execute on passengers if entity @s[tag=aj.armor_stand.bone.left_arm] run data merge entity @s {transformation: [0.882099915673564f,0.3618472303829208f,-0.3016062344065543f,0.37499999999999994f,0.29665711739699446f,-0.9240708398265739f,-0.24101377072673094f,0.4844321176995636f,-0.3659156917466068f,0.12312459074620624f,-0.9224673661909027f,0.2729453308570922f,0f,0f,0f,1f], start_interpolation: 0}
# It's actually faster to use an on passeners call that checks tag immediately
# than to spread it into a function that runs a bunch of tag checks on each bone.
execute on passengers if entity @s[tag=aj.armor_stand.bone.right_arm] run data merge entity @s {transformation: [-0.3826834063935539f,-0.9148054420383713f,-0.12916816050407454f,-0.4375f,-0.27781594611973853f,0.24728463219063304f,-0.9282610682151535f,0.8436345234090685f,0.8811195778965647f,-0.3193451328881085f,-0.34877926479086424f,0.09650870843276597f,0f,0f,0f,1f], start_interpolation: 0}
# It's actually faster to use an on passeners call that checks tag immediately
# than to spread it into a function that runs a bunch of tag checks on each bone.
execute on passengers if entity @s[tag=aj.armor_stand.bone.body] run data merge entity @s {transformation: [-1f,-2.650620804179865e-17f,1.1956177801397677e-16f,-7.659572966554491e-18f,0f,0.9762960071199333f,0.21643961393810285f,0.9791990001701916f,-1.2246467991473532e-16f,0.21643961393810285f,-0.9762960071199333f,0.06254515973003305f,0f,0f,0f,1f], start_interpolation: 0}