# This file was generated by Animated Java via MC-Build. It is not recommended to edit this file directly.
# It's actually faster to use an on passeners call that checks tag immediately
# than to spread it into a function that runs a bunch of tag checks on each bone.
execute on passengers if entity @s[tag=aj.armor_stand.bone.head] run data merge entity @s {transformation: [-1f,-1.598484835071783e-17f,1.214169776012528e-16f,-6.000041944334423e-18f,0f,0.9914448613738103f,0.13052619222005157f,0.9183144741047157f,-1.2246467991473532e-16f,0.13052619222005157f,-0.9914448613738103f,0.048994060561068586f,0f,0f,0f,1f], start_interpolation: 0}
# It's actually faster to use an on passeners call that checks tag immediately
# than to spread it into a function that runs a bunch of tag checks on each bone.
execute on passengers if entity @s[tag=aj.armor_stand.bone.left_arm] run data merge entity @s {transformation: [0.8820999156735634f,0.358312324080504f,-0.3057973465887495f,0.37499999999999994f,0.2966571173969944f,-0.9268134078400928f,-0.2302421806392971f,0.4845660920790835f,-0.36591569174660676f,0.11237964877975337f,-0.9238379300904144f,0.27292170755925915f,0f,0f,0f,1f], start_interpolation: 0}
# It's actually faster to use an on passeners call that checks tag immediately
# than to spread it into a function that runs a bunch of tag checks on each bone.
execute on passengers if entity @s[tag=aj.armor_stand.bone.right_arm] run data merge entity @s {transformation: [-0.382683406393554f,-0.9147661431518301f,-0.12944618114935535f,-0.4375f,-0.27781594611973853f,0.24756673679922914f,-0.928185870885878f,0.8437684977885884f,0.8811195778965647f,-0.3192391175493802f,-0.34887630368609523f,0.09648508513493294f,0f,0f,0f,1f], start_interpolation: 0}
# It's actually faster to use an on passeners call that checks tag immediately
# than to spread it into a function that runs a bunch of tag checks on each bone.
execute on passengers if entity @s[tag=aj.armor_stand.bone.body] run data merge entity @s {transformation: [-1f,-2.650620804179865e-17f,1.1956177801397677e-16f,-7.656679946946838e-18f,0f,0.9762960071199333f,0.21643961393810285f,0.9793329745497115f,-1.2246467991473532e-16f,0.21643961393810285f,-0.9762960071199333f,0.06252153643220001f,0f,0f,0f,1f], start_interpolation: 0}