# This file was generated by Animated Java via MC-Build. It is not recommended to edit this file directly.
# It's actually faster to use an on passeners call that checks tag immediately
# than to spread it into a function that runs a bunch of tag checks on each bone.
execute on passengers if entity @s[tag=aj.armor_stand.bone.head] run data merge entity @s {transformation: [-1f,-1.598484835071783e-17f,1.214169776012528e-16f,-5.9964677432311285e-18f,0f,0.9914448613738103f,0.13052619222005157f,0.918479993679428f,-1.2246467991473532e-16f,0.13052619222005157f,-0.9914448613738103f,0.04896487499421141f,0f,0f,0f,1f], start_interpolation: 0}
# It's actually faster to use an on passeners call that checks tag immediately
# than to spread it into a function that runs a bunch of tag checks on each bone.
execute on passengers if entity @s[tag=aj.armor_stand.bone.left_arm] run data merge entity @s {transformation: [0.882099915673564f,0.3486660286618133f,-0.31675185749398793f,0.37499999999999994f,0.2966571173969945f,-0.9335018929514647f,-0.20141690731847364f,0.48473161165379586f,-0.3659156917466068f,0.08370314398654549f,-0.9268762000506701f,0.272892521992402f,0f,0f,0f,1f], start_interpolation: 0}
# It's actually faster to use an on passeners call that checks tag immediately
# than to spread it into a function that runs a bunch of tag checks on each bone.
execute on passengers if entity @s[tag=aj.armor_stand.bone.right_arm] run data merge entity @s {transformation: [-0.382683406393554f,-0.9147174743926954f,-0.12978964716677122f,-0.4375f,-0.27781594611973864f,0.24791523331112397f,-0.9280928494358123f,0.8439340173633008f,0.8811195778965647f,-0.31910809944741286f,-0.3489961465610181f,0.09645589956807576f,0f,0f,0f,1f], start_interpolation: 0}
# It's actually faster to use an on passeners call that checks tag immediately
# than to spread it into a function that runs a bunch of tag checks on each bone.
execute on passengers if entity @s[tag=aj.armor_stand.bone.body] run data merge entity @s {transformation: [-1f,-2.650620804179865e-17f,1.1956177801397677e-16f,-7.653105745843544e-18f,0f,0.9762960071199333f,0.21643961393810285f,0.9794984941244238f,-1.2246467991473532e-16f,0.21643961393810285f,-0.9762960071199333f,0.06249235086534284f,0f,0f,0f,1f], start_interpolation: 0}