# This file was generated by Animated Java via MC-Build. It is not recommended to edit this file directly.
# It's actually faster to use an on passeners call that checks tag immediately
# than to spread it into a function that runs a bunch of tag checks on each bone.
execute on passengers if entity @s[tag=aj.armor_stand.bone.head] run data merge entity @s {transformation: [-1f,-1.598484835071783e-17f,1.214169776012528e-16f,-5.965325850874891e-18f,0f,0.9914448613738103f,0.13052619222005157f,0.9199221600907671f,-1.2246467991473532e-16f,0.13052619222005157f,-0.9914448613738103f,0.04871058214522084f,0f,0f,0f,1f], start_interpolation: 0}
# It's actually faster to use an on passeners call that checks tag immediately
# than to spread it into a function that runs a bunch of tag checks on each bone.
execute on passengers if entity @s[tag=aj.armor_stand.bone.left_arm] run data merge entity @s {transformation: [0.8820999156735634f,0.2963080548853913f,-0.36619840985281177f,0.37499999999999994f,0.2966571173969944f,-0.9532953865033336f,-0.05676672237469363f,0.48617377806513495f,-0.36591569174660676f,-0.05856144364251639f,-0.9288036734703984f,0.2726382291434114f,0f,0f,0f,1f], start_interpolation: 0}
# It's actually faster to use an on passeners call that checks tag immediately
# than to spread it into a function that runs a bunch of tag checks on each bone.
execute on passengers if entity @s[tag=aj.armor_stand.bone.right_arm] run data merge entity @s {transformation: [-0.38268340639355414f,-0.9142879690137071f,-0.13278147531872259f,-0.4375f,-0.2778159461197386f,0.2509501872166331f,-0.9272768214603075f,0.8453761837746399f,0.8811195778965647f,-0.31796464151337234f,-0.35003824961659846f,0.09620160671908519f,0f,0f,0f,1f], start_interpolation: 0}
# It's actually faster to use an on passeners call that checks tag immediately
# than to spread it into a function that runs a bunch of tag checks on each bone.
execute on passengers if entity @s[tag=aj.armor_stand.bone.body] run data merge entity @s {transformation: [-1f,-2.650620804179865e-17f,1.1956177801397677e-16f,-7.621963853487307e-18f,0f,0.9762960071199333f,0.21643961393810285f,0.9809406605357629f,-1.2246467991473532e-16f,0.21643961393810285f,-0.9762960071199333f,0.062238058016352266f,0f,0f,0f,1f], start_interpolation: 0}