# This file was generated by Animated Java via MC-Build. It is not recommended to edit this file directly.
# It's actually faster to use an on passeners call that checks tag immediately
# than to spread it into a function that runs a bunch of tag checks on each bone.
execute on passengers if entity @s[tag=aj.armor_stand.bone.head] run data merge entity @s {transformation: [-1f,-1.598484835071783e-17f,1.214169776012528e-16f,-5.932128049107432e-18f,0f,0.9914448613738103f,0.13052619222005157f,0.9214595347015214f,-1.2246467991473532e-16f,0.13052619222005157f,-0.9914448613738103f,0.04843950152188868f,0f,0f,0f,1f], start_interpolation: 0}
# It's actually faster to use an on passeners call that checks tag immediately
# than to spread it into a function that runs a bunch of tag checks on each bone.
execute on passengers if entity @s[tag=aj.armor_stand.bone.left_arm] run data merge entity @s {transformation: [0.8820999156735638f,0.2912325380745825f,-0.3702476840377653f,0.37499999999999994f,0.2966571173969945f,-0.9539872554665941f,-0.043621910836429606f,0.48771115267588927f,-0.3659156917466068f,-0.07135772679922242f,-0.9279082828381529f,0.27236714852007926f,0f,0f,0f,1f], start_interpolation: 0}
# It's actually faster to use an on passeners call that checks tag immediately
# than to spread it into a function that runs a bunch of tag checks on each bone.
execute on passengers if entity @s[tag=aj.armor_stand.bone.right_arm] run data merge entity @s {transformation: [-0.3826834063935539f,-0.9138193329856401f,-0.13596925068818333f,-0.4375f,-0.2778159461197387f,0.25418254263320617f,-0.9263959925982587f,0.8469135583853942f,0.8811195778965649f,-0.3167419480937098f,-0.3511450238365641f,0.09593052609575303f,0f,0f,0f,1f], start_interpolation: 0}
# It's actually faster to use an on passeners call that checks tag immediately
# than to spread it into a function that runs a bunch of tag checks on each bone.
execute on passengers if entity @s[tag=aj.armor_stand.bone.body] run data merge entity @s {transformation: [-1f,-2.650620804179865e-17f,1.1956177801397677e-16f,-7.588766051719848e-18f,0f,0.9762960071199333f,0.21643961393810285f,0.9824780351465172f,-1.2246467991473532e-16f,0.21643961393810285f,-0.9762960071199333f,0.06196697739302011f,0f,0f,0f,1f], start_interpolation: 0}