# This file was generated by Animated Java via MC-Build. It is not recommended to edit this file directly.
# It's actually faster to use an on passeners call that checks tag immediately
# than to spread it into a function that runs a bunch of tag checks on each bone.
execute on passengers if entity @s[tag=aj.armor_stand.bone.head] run data merge entity @s {transformation: [-1f,-1.598484835071783e-17f,1.214169776012528e-16f,-5.9179359712234674e-18f,0f,0.9914448613738103f,0.13052619222005157f,0.9221167631639807f,-1.2246467991473532e-16f,0.13052619222005157f,-0.9914448613738103f,0.04832361441146757f,0f,0f,0f,1f], start_interpolation: 0}
# It's actually faster to use an on passeners call that checks tag immediately
# than to spread it into a function that runs a bunch of tag checks on each bone.
execute on passengers if entity @s[tag=aj.armor_stand.bone.left_arm] run data merge entity @s {transformation: [0.8820999156735638f,0.2916814651919687f,-0.36989412219195694f,0.37499999999999994f,0.29665711739699446f,-0.9539336365102508f,-0.04477914505698963f,0.4883683811383486f,-0.3659156917466068f,-0.07023204395285276f,-0.927994162985849f,0.27225126140965816f,0f,0f,0f,1f], start_interpolation: 0}
# It's actually faster to use an on passeners call that checks tag immediately
# than to spread it into a function that runs a bunch of tag checks on each bone.
execute on passengers if entity @s[tag=aj.armor_stand.bone.right_arm] run data merge entity @s {transformation: [-0.38268340639355414f,-0.9136155991372169f,-0.13733152400002818f,-0.4375f,-0.2778159461197386f,0.2555634352573494f,-0.9260159991280156f,0.8475707868478535f,0.8811195778965648f,-0.31621806964910615f,-0.35161686801797865f,0.09581463898533192f,0f,0f,0f,1f], start_interpolation: 0}
# It's actually faster to use an on passeners call that checks tag immediately
# than to spread it into a function that runs a bunch of tag checks on each bone.
execute on passengers if entity @s[tag=aj.armor_stand.bone.body] run data merge entity @s {transformation: [-1f,-2.650620804179865e-17f,1.1956177801397677e-16f,-7.574573973835883e-18f,0f,0.9762960071199333f,0.21643961393810285f,0.9831352636089765f,-1.2246467991473532e-16f,0.21643961393810285f,-0.9762960071199333f,0.061851090282599f,0f,0f,0f,1f], start_interpolation: 0}