# This file was generated by Animated Java via MC-Build. It is not recommended to edit this file directly.
# It's actually faster to use an on passeners call that checks tag immediately
# than to spread it into a function that runs a bunch of tag checks on each bone.
execute on passengers if entity @s[tag=aj.armor_stand.bone.head] run data merge entity @s {transformation: [-1f,-1.598484835071783e-17f,1.214169776012528e-16f,-5.9019978793659244e-18f,0f,0.9914448613738103f,0.13052619222005157f,0.9228548487136593f,-1.2246467991473532e-16f,0.13052619222005157f,-0.9914448613738103f,0.04819347001498819f,0f,0f,0f,1f], start_interpolation: 0}
# It's actually faster to use an on passeners call that checks tag immediately
# than to spread it into a function that runs a bunch of tag checks on each bone.
execute on passengers if entity @s[tag=aj.armor_stand.bone.left_arm] run data merge entity @s {transformation: [0.8820999156735634f,0.2932034154488473f,-0.3686888877330351f,0.37499999999999994f,0.2966571173969944f,-0.9537409891296363f,-0.04871016682098661f,0.48910646668802715f,-0.3659156917466067f,-0.06640694860594878f,-0.9282757261236819f,0.27212111701317876f,0f,0f,0f,1f], start_interpolation: 0}
# It's actually faster to use an on passeners call that checks tag immediately
# than to spread it into a function that runs a bunch of tag checks on each bone.
execute on passengers if entity @s[tag=aj.armor_stand.bone.right_arm] run data merge entity @s {transformation: [-0.38268340639355414f,-0.9133843795331861f,-0.13886103015534168f,-0.4375f,-0.2778159461197386f,0.25711353811178345f,-0.9255868023050215f,0.848308872397532f,0.8811195778965647f,-0.31562890194723503f,-0.3521458301655186f,0.09568449458885254f,0f,0f,0f,1f], start_interpolation: 0}
# It's actually faster to use an on passeners call that checks tag immediately
# than to spread it into a function that runs a bunch of tag checks on each bone.
execute on passengers if entity @s[tag=aj.armor_stand.bone.body] run data merge entity @s {transformation: [-1f,-2.650620804179865e-17f,1.1956177801397677e-16f,-7.55863588197834e-18f,0f,0.9762960071199333f,0.21643961393810285f,0.9838733491586551f,-1.2246467991473532e-16f,0.21643961393810285f,-0.9762960071199333f,0.06172094588611962f,0f,0f,0f,1f], start_interpolation: 0}