# This file was generated by Animated Java via MC-Build. It is not recommended to edit this file directly.
# It's actually faster to use an on passeners call that checks tag immediately
# than to spread it into a function that runs a bunch of tag checks on each bone.
execute on passengers if entity @s[tag=aj.armor_stand.bone.head] run data merge entity @s {transformation: [-1f,-1.598484835071783e-17f,1.214169776012528e-16f,-5.609234657210565e-18f,0f,0.9914448613738103f,0.13052619222005157f,0.9364125760552763f,-1.2246467991473532e-16f,0.13052619222005157f,-0.9914448613738103f,0.045802876887572244f,0f,0f,0f,1f], start_interpolation: 0}
# It's actually faster to use an on passeners call that checks tag immediately
# than to spread it into a function that runs a bunch of tag checks on each bone.
execute on passengers if entity @s[tag=aj.armor_stand.bone.left_arm] run data merge entity @s {transformation: [0.8820999156735638f,0.3354544254173777f,-0.33071145616169534f,0.37499999999999994f,0.2966571173969945f,-0.9409413238415322f,-0.16316856248999412f,0.5026641940296441f,-0.36591569174660676f,0.04582306793790927f,-0.929519205276771f,0.26973052388576285f,0f,0f,0f,1f], start_interpolation: 0}
# It's actually faster to use an on passeners call that checks tag immediately
# than to spread it into a function that runs a bunch of tag checks on each bone.
execute on passengers if entity @s[tag=aj.armor_stand.bone.right_arm] run data merge entity @s {transformation: [-0.38268340639355414f,-0.9086823611353116f,-0.16688252464707415f,-0.4375f,-0.2778159461197386f,0.2854543418827826f,-0.9172426716970062f,0.861866599739149f,0.8811195778965647f,-0.30465092361885737f,-0.3616850898026579f,0.0932939014614366f,0f,0f,0f,1f], start_interpolation: 0}
# It's actually faster to use an on passeners call that checks tag immediately
# than to spread it into a function that runs a bunch of tag checks on each bone.
execute on passengers if entity @s[tag=aj.armor_stand.bone.body] run data merge entity @s {transformation: [-1f,-2.650620804179865e-17f,1.1956177801397677e-16f,-7.26587265982298e-18f,0f,0.9762960071199333f,0.21643961393810285f,0.9974310765002721f,-1.2246467991473532e-16f,0.21643961393810285f,-0.9762960071199333f,0.05933035275870367f,0f,0f,0f,1f], start_interpolation: 0}